100
4 62 88
85
30
55
57
10 17 66
75
57
2
76
17
2
51
80
56
76
8 54 98
20
77
87
29
7
98
22
75
8 80 98
37
54
12
24
25
10
96
30
7 71 100
70
87
23
94
14
5
76
7 16 80
57
11
60
88
91
64
82
3 90 93
40
96
38
9 59 83
56
23
84
62
79
27
54
52
68
4 86 94
63
14
74
51
1 96 99
8
1 58 70
23
5 13 38
75
75
50
41
8
3 3 38
16
24
93
9 38 99
75
85
78
92
20
82
23
13
35
2 83 85
22
41
6 2 47
48
1
32
64
52
5
10 14 19
18
31
30
43
38
20
14
37
72
59
5 92 96
63
71
72
17
6
1 49 68
9
7 37 92
6
59
14
44
45
93
57
3 60 65
22
91
16
5 80 84
13
19
56
83
28
6 77 77
85
61
73
19
79
22
3 72 74
57
52
29
10 21 66
5
86
11
30
77
83
49
71
79
46
7 28 93
52
94
90
1
28
90
36
7 58 59
15
44
75
67
90
46
28
6 49 91
70
77
34
58
89
74
5 12 96
8
51
6
34
54
4 31 98
63
2
63
20
9 92 97
47
18
97
15
59
6
90
89
43
8 5 90
54
32
56
51
37
85
4
10
2 70 90
54
15
9 59 66
37
58
89
58
76
91
2
93
14
9 17 66
44
8
82
14
31
1
86
72
16
8 50 84
19
86
39
72
96
2
61
9
10 80 80
16
99
17
96
98
52
75
77
57
98
1 98 98
57
10 64 98
80
69
91
100
5
31
15
81
40
37
9 41 70
86
95
21
85
6
15
77
50
24
6 18 52
6
78
63
55
70
23
2 26 39
70
68
7 100 100
22
82
60
51
77
35
26
8 41 87
38
21
29
72
8
90
55
87
5 79 93
85
73
30
87
87
2 84 97
76
92
9 32 45
29
75
76
12
67
98
85
7
74
3 44 65
59
86
34
1 19 43
36
1 55 69
44
6 92 92
60
63
9
64
80
27
5 44 84
40
37
36
25
45
3 35 58
50
83
84
6 69 86
37
43
72
66
43
91
2 46 76
10
90
8 39 64
92
9
22
89
90
12
54
64
6 2 91
70
31
96
62
4
20
2 71 77
81
40
7 81 92
98
71
18
23
44
91
61
8 100 100
42
5
10
80
78
82
59
91
2 1 35
63
99
2 53 86
54
84
4 28 60
69
80
81
16
5 58 66
16
35
32
48
78
8 27 39
76
81
28
80
24
29
75
82
9 9 55
48
53
25
60
15
29
55
85
33
7 45 90
36
50
78
77
6
68
29
9 61 100
1
36
27
37
37
90
74
71
26
3 51 100
92
87
9
2 54 59
96
97
8 66 90
13
58
11
93
19
61
28
89
1 83 94
56
5 18 45
8
74
39
23
44
5 9 89
99
97
76
66
22
5 9 30
62
82
55
54
54
9 16 57
32
12
12
47
45
50
53
67
66
7 33 83
10
8
52
37
96
70
90
2 61 71
91
95
10 50 70
11
15
61
36
99
59
79
51
58
47
7 18 81
59
62
13
17
24
95
69
6 45 85
55
38
37
82
54
57
3 61 68
7
49
95
7 80 81
62
4
53
59
17
95
87
5 64 71
21
66
29
39
62
4 92 99
18
52
42
21
9 65 85
90
77
92
36
91
21
73
82
52
5 47 59
22
27
17
95
13
9 4 64
31
94
1
55
89
72
8
82
100
2 25 93
85
74
5 11 55
5
72
55
68
44
8 92 100
60
18
9
89
70
85
23
84
5 56 75
60
24
89
46
17
6 36 47
97
31
77
39
75
80
6 76 100
91
21
83
31
48
9
3 69 84
68
100
32
2 74 84
76
27
2 82 97
4
71
1 97 98
22
7 10 14
7
61
13
63
52
53
50
10 93 100
90
77
99
54
48
87
19
32
99
4
