20
120 874308165313353435924811434341778738339969013714566776179652
173 30112824594327595526379236283733863054755720634395622456658473382016537089827468578466186440548412571221610515303525092317381280436948960142601743842389999840805575879010781899131467875
36 47535259024547208982019240866549128223533497184879808355855834278389362293644101374873794784103627966059977206730315221676055275048105254086231825161183825398378241999021760601119976227358281353338615988290370298568412785903703509442264
12
12
255
219
185 489437731668051889380494808019998308605322017238185334
210 85878750696889017446575830667629960421673460475788331401992664560464795536162396046534097613201747910328526207118280591048874750330716122398307043580519193336856577563682207032364946147148694229628149394147905227355778765319414508752275911061103515923770789
163 830372735507449871809731465
205 52266698626452
111 2636907296373399885646047517304031318176238406483770114869777782538642745151012568233889125626174631927487710326357830166987670817345199561837513121049890870755907
180 71135853797525154801574664429928955385969111492458546393108368
119 63155576629807163707985640922769106772917396795739548570858093440561312802733843811003
25 646522
56 070999427563706517458243835585840290099051637074025394195594348586510834073090163948736588183957349602833959886681418618106557443908727133367714791349473784783516431847035942668366755350157283760764531248617211483790180304621672055750617302943116131142903069883759519683748609377968256054437899455604836182222294525031294343713833201869042441444846948174771572377238024369781
90 4657792635807324354837720297526378517183982130663318441767993667273162151581154568833078842147657012720840483968446450279932334516
190 9529102074196543040963325
92 87425153970967993390831896675153851510854781083794529288118964576857047283178102891855976962574675710971584027
175 33261754228351577578476525209779523127988179898466814632178091966058732629419096182580147726136461252536159859524910309245482518510505400224632364198859663324442131165491882159875547854981497794081342777200378592265262155658847609559210120775240641876041334241839722160083429540405974129979019249434170766042056362227975365345975347996046245948796399196770147994465983195413064659360096554725677890698596977258412582128147198281435385157843685997656109714879412014816286117391379038777327721869676082363453428964553414522582206337809654803310865854542820645495167089958357370335148408859823985527100656590244938554098917907444254926202944319101970754422155318990081301125652572165950553705741636948079747710140051073020357141045775814824559298927842929023036895195372463299081602885132125136042633005801172450983103013385560426338
171 0087894675463649
224 2487323315219036305119522514586914514992258092515923847091331536327563425076754497614583159414480884501649219370710323252847898226085122496517560821297108819714616754255018516844563766341
