1
21
69
97 20
49 55 26
50 58 26 58
93 7 82 45 39
9 97 43 23 29 45
64 42 13 54 72 86 18
68 97 80 6 21 72 15 31
32 30 75 41 34 71 66 69 87
45 91 71 39 43 1 55 46 4 59
35 57 9 54 11 85 53 34 54 62 30
16 54 69 41 72 37 79 66 0 70 1 6
99 4 17 23 51 48 10 19 9 13 91 3 64
78 39 61 21 6 58 11 37 64 26 29 25 19 22
17 17 40 63 78 9 69 92 77 2 32 16 4 22 53
40 94 58 52 4 44 19 26 78 66 58 7 83 33 11 87
96 31 23 91 84 21 30 39 18 39 88 72 16 63 10 19 69
43 29 44 25 33 25 78 37 88 32 7 74 26 43 88 19 67 12
95 47 13 65 89 37 47 41 58 93 58 78 98 17 16 10 66 29 37
71 73 73 67 32 25 74 1 18 69 48 2 65 99 13 68 70 2 5 94
43 78 90 29 33 10 63 54 82 72 15 79 38 55 1 76 0 38 10 12 11
