10
7
75
38 30
64 48 93
71 13 19 55
64 77 94 2 41
97 35 79 67 3 64
64 40 11 7 45 53 58
57
27
25 30
10 24 49
51 90 82 96
94 56 8 55 71
30 5 46 36 99 61
21 69 87 88 10 75 27
85 40 43 93 64 14 11 28
29 5 4 47 11 49 25 21 24
87 19 58 95 66 99 30 21 10 3
75 83 96 49 26 8 42 74 29 0 87
2 97 16 51 1 22 89 59 9 55 31 56
61 69 1 20 97 41 31 36 79 2 38 99 81
29 3 71 66 21 50 50 63 15 77 90 76 53 30
44 11 84 50 83 34 90 90 78 32 74 94 26 8 2
35 52 82 30 40 87 32 68 88 7 58 30 65 20 67 48
77 45 84 36 45 36 7 27 87 55 85 24 49 42 98 42 84
19 46 55 34 35 6 47 29 64 0 8 19 74 76 37 75 86 77
2 5 99 17 33 83 66 75 62 49 37 12 48 99 63 66 46 52 43
46 95 93 10 36 4 5 13 15 46 81 57 46 18 14 30 34 59 0 63
17 24 98 48 51 95 75 10 84 67 95 78 93 21 88 52 18 92 92 72 20
37 58 22 74 35 76 20 70 1 21 49 38 0 51 91 17 81 20 27 8 53 59
37 72 43 84 17 35 86 61 30 79 76 29 11 31 61 96 35 81 6 3 47 68 76
26 30 40 54 94 14 22 32 68 80 7 47 65 0 0 62 31 8 66 68 27 9 75 10
83 83 76 51 87 88 41 45 28 26 13 51 99 58 99 26 52 2 61 12 33 49 25 14 9
32 7 8 20 67 9 44 34 82 41 37 77 31 87 15 32 52 42 86 94 36 30 60 74 94 35
63 11 98 93 11 88 45 46 92 60 96 46 2 41 51 98 90 92 1 69 76 74 73 4 17 95 69
25 83 3 55 1 2 69 25 56 51 87 75 19 46 37 1 61 46 79 38 86 24 50 33 73 8 72 69
11 6 82 33 85 28 40 50 6 3 55 30 64 18 81 40 49 24 8 25 56 33 42 6 45 67 70 9 77
5 78 94 56 7 97 10 45 79 75 1 11 21 33 34 77 9 7 3 28 57 29 86 34 72 4 72 44 91 78
66 21 75 88 34 86 55 7 30 82 91 72 10 93 52 89 94 90 22 86 56 38 97 60 60 98 60 20 30 78 16
4 47 17 73 93 30 7 48 52 27 81 95 85 48 75 13 75 28 85 36 47 64 57 12 86 2 59 34 80 78 85 43
67 17 93 70 73 22 20 48 17 79 44 25 47 75 22 73 34 8 40 10 23 22 96 11 12 58 88 54 30 23 56 66 67
33 5 28 26 16 18 9 96 68 96 23 16 6 17 40 91 93 77 4 93 46 24 24 58 50 77 30 38 46 18 75 65 21 35
50 48 43 42 49 3 57 98 30 8 37 33 35 96 87 29 65 52 11 1 52 47 38 55 48 5 20 24 16 86 25 88 78 38 20
61 4 43 55 63 79 18 86 80 48 64 70 2 97 97 69 18 68 24 27 87 35 72 88 29 3 44 8 52 77 7 32 24 76 28 24
58 34 4 14 13 71 13 29 14 96 69 34 49 8 37 55 73 27 76 68 49 29 21 85 1 45 28 75 69 48 41 14 7 70 15 90 46
79 76 19 9 56 21 52 99 28 76 36 80 29 66 53 66 61 96 68 91 80 9 91 52 74 13 83 72 11 55 56 78 22 51 3 60 85 61
67 74 80 22 37 83 63 72 31 53 99 6 40 89 5 78 31 48 85 17 72 62 61 62 29 10 45 31 17 89 23 93 33 45 34 86 93 1 98
10 70 12 12 58 85 43 1 49 70 98 59 95 60 53 66 0 76 98 73 32 86 99 61 71 94 88 49 19 26 90 45 75 25 46 75 74 92 43 8
22 57 85 8 39 44 15 86 22 58 85 33 52 73 93 92 23 64 52 27 84 38 62 41 52 54 25 5 6 17 85 8 83 23 76 88 78 32 92 12 12
85 86 48 82 52 10 47 30 82 56 3 82 57 2 27 9 29 81 12 55 18 54 70 76 74 23 56 97 49 63 19 3 19 53 92 10 96 1 8 63 78 96
98 59 66 85 36 55 52 7 28 56 55 90 81 76 11 37 98 71 34 82 71 71 83 29 4 9 55 62 2 59 96 82 61 77 31 43 13 79 5 98 99 46 55
46 21 12 35 99 60 54 34 70 62 82 49 41 74 53 11 61 77 85 15 27 1 89 0 97 27 78 30 21 66 41 53 19 9 38 45 9 14 31 62 95 92 43 4
14 35 25 39 14 16 11 89 55 80 72 62 29 18 13 86 60 98 45 47 91 62 60 62 98 38 66 30 22 35 52 41 41 50 20 79 4 50 98 1 91 20 77 69 19
77 92 77 58 68 97 72 17 24 21 70 8 59 9 35 71 86 10 65 82 35 56 79 17 2 19 55 81 81 4 34 7 8 23 74 50 3 0 59 1 12 7 43 71 87 16
68 45 5 97 86 86 99 77 55 62 22 43 33 68 3 51 36 50 11 19 51 48 79 66 45 3 84 76 50 56 87 7 30 11 12 79 96 17 33 8 30 1 4 5 23 47 33
57 32 60 63 80 23 65 98 24 54 80 16 54 99 31 75 26 75 21 80 51 80 95 9 86 37 41 92 92 76 70 19 52 76 32 1 32 19 76 67 92 37 56 15 7 71 42 50
83 20 4 96 66 31 74 3 72 74 51 83 59 55 20 89 45 21 84 33 1 88 57 95 25 81 5 16 1 25 59 24 80 21 78 48 22 50 32 90 36 36 61 2 76 76 78 41 69
96 79 54 54 11 53 83 83 11 3 81 41 37 16 83 78 39 14 75 64 42 59 34 63 62 61 70 51 55 69 39 59 87 59 92 62 38 57 20 30 71 41 94 18 72 48 19 47 86 36
88 36 42 34 22 44 24 77 61 91 33 35 76 4 45 46 78 58 31 62 75 50 88 73 65 37 13 28 30 24 23 55 71 98 16 91 79 21 35 92 0 15 8 68 26 46 32 27 44 32 75
58 30 39 11 72 22 27 32 16 59 60 51 89 58 59 70 54 43 26 14 67 61 92 40 85 82 78 25 81 71 14 5 28 77 69 39 36 49 23 8 99 27 88 40 27 88 98 50 3 28 73 29
24 42 29 65 48 5 95 67 77 29 17 1 12 56 39 64 89 13 13 43 92 2 37 71 98 68 99 96 67 75 94 53 62 19 61 78 41 66 34 21 26 88 99 48 74 34 50 18 41 26 98 0 60
15 54 50 66 78 21 92 54 77 90 33 17 11 0 63 65 5 89 38 74 60 72 16 15 50 37 34 8 1 60 74 75 33 65 46 11 33 14 32 39 10 89 10 52 36 57 85 83 98 79 50 87 75 86
16 50 87 17 36 68 22 29 99 96 23 13 77 98 90 17 56 31 54 65 89 15 67 89 42 93 68 13 99 50 38 13 58 80 51 19 22 97 47 99 3 22 25 84 48 84 47 71 66 64 39 0 21 52 27
19 76 60 95 17 37 98 64 90 33 17 37 98 70 85 95 98 1 86 22 69 44 17 14 91 11 14 67 68 18 64 99 56 44 9 64 1 74 1 5 71 58 91 40 53 15 68 31 82 36 80 5 36 82 68 70
46 8 76 70 32 71 70 57 38 78 56 27 87 87 13 87 54 59 22 41 60 52 26 57 4 90 31 40 31 78 29 60 79 25 7 91 35 46 14 56 50 43 15 2 6 15 41 70 12 63 97 14 81 86 35 56 83
26
29
40 82
76 51 80
77 41 24 94
81 9 61 10 56
32 61 30 19 76 83
84 47 1 32 53 96 35
4 52 57 84 33 46 17 42
96 37 44 78 68 43 68 27 11
56 15 10 79 73 39 56 47 64 54
83 92 60 3 88 82 45 90 22 84 13
83 31 31 12 55 36 20 52 59 24 67 62
58 75 3 15 25 34 40 61 41 73 37 81 31
80 15 94 0 3 89 34 10 16 69 82 97 38 46
28 15 36 46 85 2 61 46 81 3 56 82 70 54 45
37 30 29 24 97 95 49 57 9 55 54 77 70 89 39 48
0 57 80 90 78 35 90 52 98 22 66 10 85 70 63 13 73
34 60 63 47 41 62 72 7 0 24 5 51 8 70 14 42 91 57
86 88 12 42 19 53 94 57 33 51 99 71 94 76 90 17 99 17 99
98 99 64 29 98 44 61 16 43 28 82 81 84 30 22 20 58 33 42 18
81 71 86 30 79 70 11 93 85 52 27 38 90 27 89 83 71 24 47 26 81
87 33 25 99 29 90 43 47 81 62 47 58 65 75 38 34 84 32 1 39 91 53
94 5 14 22 0 25 8 58 16 15 71 71 89 31 32 64 67 38 79 6 49 7 94
53 20 87 10 44 65 8 28 85 20 32 82 56 73 67 54 33 6 21 72 14 46 66 45
42 4 52 64 44 58 95 48 67 12 60 66 38 84 28 13 60 15 64 61 67 97 18 41 60
94 97 33 18 27 94 13 5 8 60 30 94 88 50 74 22 6 90 17 40 40 94 75 92 63 63
75
12
56 59
7 77 52
94 71 3 92
21 22 12 46 42
10 17 45 87 65 33
48 15 82 19 29 56 86
97 50 49 22 27 97 73 70
0 22 53 3 27 36 34 36 14
77 57 78 18 9 1 38 99 28 33
9 84 93 88 57 54 7 86 87 20 91
63 62 45 3 70 41 82 16 41 29 27 63
43 44 11 24 49 13 67 26 35 73 8 41 86
45 93 41 74 94 49 61 32 7 48 81 12 26 75
92 65 15 39 19 69 39 88 98 13 22 84 43 94 5
74 21 2 65 93 36 74 23 23 99 16 10 42 19 82 39
63 91 5 77 18 98 79 92 35 96 79 18 70 77 11 80 35
40 98 73 28 39 90 31 10 5 1 85 56 94 25 37 11 38 79
83 76 43 39 49 50 27 20 38 7 27 53 86 66 6 83 91 70 13
65 91 11 4 48 25 32 54 44 42 81 22 43 76 96 79 13 44 14 51
55 97 2 31 44 44 44 34 45 10 80 72 8 40 68 81 19 42 76 6 22
38 2 16 52 72 59 10 23 96 25 44 44 50 5 5 85 56 35 0 44 99 35
0 10 36 37 12 30 42 4 97 72 66 73 69 38 70 49 9 30 14 42 36 55 66
37 9 32 93 89 32 37 9 68 69 86 22 7 73 76 40 38 39 22 90 15 48 25 82
43 85 95 99 55 35 10 61 34 95 9 37 27 86 16 62 23 85 88 55 94 75 37 91 78
35 94 2 11 24 2 63 58 87 42 77 63 96 86 55 19 43 1 7 53 28 31 59 13 40 84
44 43 17 90 32 55 44 90 98 55 18 14 57 40 70 40 12 10 6 57 36 60 74 83 55 18 66
77 13 89 88 72 74 58 50 26 50 24 20 47 10 90 19 78 83 88 23 66 65 70 61 92 97 46 44
97 89 91 51 43 77 35 0 39 1 39 16 82 29 4 1 58 69 42 82 53 17 9 2 3 29 83 55 97
30 32 56 56 52 5 38 27 7 48 58 34 42 66 34 47 67 70 16 31 94 31 5 61 4 50 8 85 87 70
78 94 89 73 37 71 70 46 49 93 92 91 76 18 47 22 19 33 38 57 30 21 58 25 36 94 43 93 6 1 72
35 79 90 71 42 95 28 76 42 94 78 67 57 73 50 43 86 35 76 97 26 20 36 49 45 32 78 21 78 31 64 71
78 5 85 0 57 46 26 72 32 51 46 7 50 13 24 61 6 41 91 48 70 43 39 98 98 90 59 95 61 35 35 88 41
77 4 55 90 31 43 63 88 15 98 89 31 79 58 36 67 21 88 31 76 37 25 64 45 49 16 59 21 49 71 54 10 40 8
99 29 55 40 7 57 83 92 91 26 41 37 4 2 23 27 53 1 67 73 72 69 12 5 42 79 39 69 44 47 63 44 43 35 51
38 50 82 26 31 40 24 70 49 61 96 57 56 20 74 67 4 18 16 45 1 50 92 54 5 5 36 18 41 4 59 98 22 22 22 80
97 87 42 53 38 28 55 61 14 3 74 73 27 5 54 37 34 11 33 94 90 26 57 23 95 81 23 47 78 44 58 56 39 55 65 60 57
60 23 5 31 93 38 39 64 4 36 6 53 32 63 50 49 56 18 38 4 85 49 30 55 1 72 38 40 46 12 52 67 95 48 87 5 10 91
21 5 87 41 50 1 23 60 81 63 78 31 48 99 68 81 0 43 86 36 18 86 93 76 95 19 55 39 19 73 55 32 35 12 25 33 81 27 83
35 23 14 96 83 96 48 91 48 35 54 32 93 33 10 89 58 72 51 80 75 68 72 75 71 6 59 65 57 35 78 33 16 12 42 84 57 66 83 22
40 57 21 14 24 27 45 62 5 18 6 3 34 84 74 50 77 97 29 47 54 48 14 29 34 77 84 76 28 92 19 83 50 93 5 71 79 38 77 48 14
45 44 46 98 53 49 40 57 36 50 97 34 17 74 78 76 92 76 71 26 56 87 76 1 23 9 3 49 37 44 51 14 35 78 20 67 16 58 34 70 18 5
78 96 99 38 4 7 45 3 88 62 9 22 9 0 85 51 18 83 55 99 35 79 7 75 57 37 22 71 40 60 16 79 17 49 97 4 41 83 22 94 61 80 76
46 60 58 62 6 32 7 96 18 7 0 10 71 48 51 76 7 9 99 94 43 49 58 41 17 20 57 5 10 1 31 38 30 3 77 62 59 84 44 27 32 60 61 69
36 91 4 89 26 17 60 61 35 32 90 88 46 44 77 38 41 15 27 82 43 47 9 64 19 5 49 57 11 83 74 46 71 30 7 43 1 96 56 50 67 77 8 11 75
98 20 60 19 70 78 8 48 92 99 20 77 58 15 1 56 6 48 29 88 18 40 54 30 57 29 47 87 50 46 11 97 76 78 8 95 85 66 1 12 33 3 12 82 97 16
44 69 68 56 78 3 83 26 41 81 61 58 89 94 93 42 54 93 56 0 74 60 78 80 68 11 23 26 31 22 9 82 20 46 16 65 40 20 30 56 88 92 26 53 48 84 98
37 40 2 42 90 78 90 4 58 11 16 96 46 99 21 51 17 64 44 71 21 23 89 55 33 84 33 65 53 97 28 35 95 76 44 59 66 87 74 81 6 8 70 91 0 55 0 89
81 39 35 30 50 95 37 93 24 64 12 26 82 69 62 82 76 52 84 94 80 16 31 71 3 54 97 83 98 5 2 80 92 68 5 99 38 89 65 71 78 43 51 39 45 22 5 96 42
16 71 50 92 11 60 8 46 29 80 55 68 66 75 81 55 69 24 88 46 1 49 19 44 71 87 54 18 20 82 66 34 32 69 98 95 79 48 12 46 66 21 37 44 42 4 16 80 20 94
94 32 55 73 6 58 39 20 15 27 76 41 49 35 81 48 98 75 96 21 46 46 51 69 2 14 69 60 32 86 78 23 72 11 27 36 54 43 59 98 68 65 35 80 71 39 42 1 96 49 42
1 88 9 47 6 69 20 71 2 64 52 96 38 76 41 95 12 2 99 98 75 54 29 65 27 82 6 63 36 88 14 92 37 43 41 18 46 30 28 99 91 82 50 81 49 74 97 72 86 87 69 85
41 77 87 33 25 87 94 88 65 18 86 45 60 64 65 3 72 16 88 85 21 41 41 81 23 73 42 99 51 47 46 38 19 91 48 4 65 5 82 78 49 48 27 11 39 52 69 87 57 75 5 25 8
0 17 76 32 56 76 48 97 55 37 51 67 23 24 17 9 12 91 14 15 46 19 72 14 85 93 6 49 62 33 36 31 70 11 36 13 0 31 1 72 93 56 19 88 1 8 44 86 7 44 61 16 52 69
91 97 8 24 32 4 91 59 15 80 70 53 39 58 80 74 61 26 72 18 3 29 46 56 69 75 56 59 34 85 76 94 33 87 16 4 80 70 12 91 51 20 47 26 61 82 10 25 45 67 71 97 95 7 49
46 37 3 32 82 47 87 93 99 89 91 34 83 15 12 34 70 22 73 51 3 89 91 62 98 57 71 15 53 52 16 89 99 61 7 26 90 70 37 75 68 26 4 72 42 77 17 28 49 9 63 12 59 43 77 48
31 89 49 36 83 92 20 45 17 93 15 35 39 78 23 15 91 52 25 56 79 42 68 2 71 25 48 91 67 8 93 60 49 52 28 40 19 58 64 21 13 97 80 48 15 51 60 53 9 65 64 70 36 82 24 97 26
26 18 49 54 0 51 17 88 55 5 79 10 76 93 24 63 55 98 86 94 68 94 9 80 17 2 27 62 69 43 93 42 94 84 81 35 65 44 97 4 24 39 97 82 94 45 71 26 36 99 87 25 46 69 70 31 70 48
88 63 61 95 94 54 63 39 45 11 11 63 69 19 33 52 44 69 14 41 96 28 45 86 75 49 48 96 0 15 2 24 11 90 60 93 32 89 79 0 2 63 72 47 16 9 52 97 50 47 79 57 78 30 34 34 26 20 23
39 9 44 89 96 34 74 48 70 89 78 79 10 77 89 65 52 7 77 17 22 80 59 64 45 54 11 75 7 1 65 59 88 23 10 81 90 32 67 22 59 77 33 71 27 96 69 25 33 21 41 56 51 93 91 84 80 87 6 52
43 87 44 40 64 82 0 49 49 8 17 2 30 23 23 59 81 44 25 92 82 98 79 84 84 16 69 33 60 56 73 48 53 24 38 53 60 73 36 84 2 12 51 97 57 67 90 99 87 62 89 11 40 3 48 99 67 90 49 85 84
65 83 59 18 78 1 59 94 21 29 74 36 53 47 57 84 19 43 30 73 18 44 92 41 37 54 60 72 85 76 71 81 65 50 30 4 84 81 51 90 9 66 41 17 91 87 17 78 50 53 24 0 43 35 95 96 94 45 1 60 66 55
39 98 31 19 43 43 24 99 95 98 14 99 97 15 35 1 6 37 33 69 47 12 73 73 19 95 90 76 4 3 45 22 44 24 74 48 4 28 75 34 30 96 35 69 66 23 97 34 82 86 2 39 40 12 77 61 62 75 51 38 12 15 96
91 64 50 9 74 25 12 66 12 53 61 19 32 44 9 17 6 62 66 45 69 33 16 87 23 69 33 98 91 97 46 94 61 86 57 44 59 98 35 51 30 40 6 54 55 25 44 96 13 72 85 4 24 22 75 57 18 22 40 33 97 82 12 24
72 11 27 85 93 72 12 85 49 27 74 49 59 54 16 23 1 76 19 87 34 31 65 43 38 19 58 28 26 54 44 55 25 10 55 76 21 61 96 15 93 71 39 56 20 60 50 70 50 82 55 52 53 67 33 16 54 28 24 83 13 65 37 37 98
50 3 40 20 94 63 25 32 76 62 99 14 89 55 77 7 86 56 48 29 51 86 19 13 27 19 73 4 69 7 71 85 96 11 63 26 93 9 86 80 5 76 17 78 63 17 81 75 11 94 43 12 38 92 41 19 7 99 50 44 17 93 88 40 68 16
69 89 20 38 59 96 32 49 46 7 36 77 87 58 4 29 54 30 64 64 55 90 61 27 81 61 73 16 81 76 96 23 61 82 17 42 93 40 5 55 70 37 2 56 97 20 33 51 84 97 40 55 81 90 70 80 84 49 23 96 22 63 38 93 76 93 22
0 96 21 41 32 58 21 33 81 96 89 66 59 3 45 53 20 84 33 12 54 4 60 71 80 14 61 71 22 5 32 64 71 66 93 12 86 13 41 94 2 59 35 53 72 10 61 55 80 65 22 57 80 84 17 35 98 85 93 84 29 72 93 37 2 9 68 84
52 99 48 89 54 70 25 70 59 18 21 77 59 84 2 20 82 18 84 44 94 44 51 16 21 33 6 59 59 5 52 62 69 43 19 52 73 91 87 20 45 37 48 70 74 21 7 27 90 74 26 61 56 94 27 23 2 29 11 81 22 50 71 90 61 10 28 34 79
20 47 25 64 72 67 62 14 61 46 71 92 70 89 16 47 29 6 84 35 38 70 20 10 73 69 27 19 26 15 35 4 10 82 13 51 63 73 5 44 61 12 39 49 14 22 60 83 95 53 13 20 71 0 22 36 91 39 72 27 54 69 53 78 7 7 8 82 78 56
39 38 8 3 71 84 7 37 25 37 92 64 89 25 71 12 73 33 37 57 72 63 84 7 4 88 93 41 89 35 11 25 44 39 8 59 38 25 17 18 19 51 66 51 20 14 84 65 36 58 30 77 34 52 40 85 79 65 21 21 55 9 89 93 55 63 67 37 98 72 57
10 76 93 96 70 10 17 96 30 52 48 58 23 82 65 99 31 40 20 77 85 45 84 47 50 76 72 76 96 60 18 7 92 63 65 57 47 7 93 59 42 57 43 85 34 0 67 86 69 18 44 7 38 18 72 98 67 44 87 59 67 31 15 61 55 82 3 99 23 32 29 39
19 66 43 64 71 72 73 48 40 34 59 69 3 94 32 42 70 19 92 5 25 83 58 95 54 66 76 37 23 0 90 41 93 29 48 17 12 78 7 88 78 93 38 97 24 58 68 42 7 50 50 7 48 67 37 25 37 38 64 23 53 38 88 85 19 18 6 1 43 84 44 28 3
40 53 68 59 65 14 41 52 8 22 36 60 15 57 42 97 50 15 31 16 52 70 21 1 39 89 95 96 43 8 21 81 78 39 1 86 93 66 8 78 30 49 33 6 60 33 78 66 74 88 57 67 98 21 5 50 70 20 58 72 78 40 72 12 97 3 27 61 23 39 35 1 81 14
69 34 36 8 25 87 18 38 94 66 74 37 40 33 53 7 41 78 59 45 14 32 38 40 94 51 68 75 52 9 34 94 9 80 53 2 21 38 39 57 57 30 85 42 93 97 37 29 75 76 57 64 14 76 46 33 24 29 22 21 28 11 97 90 34 65 46 79 73 74 86 75 41 0 51
43
9
46 75
67 5 33
6 55 22 15
36 15 91 40 79
35 93 74 49 57 28
11 62 97 61 5 70 89
16 56 85 56 37 84 64 80
24 47 0 7 27 28 71 9 13
96 28 33 7 91 33 8 29 91 84
33 61 69 73 6 40 54 19 50 56 37
11 88 1 21 10 48 57 43 77 58 16 55
63 40 82 16 72 60 56 41 96 4 31 31 52
26 29 49 31 3 17 15 78 18 78 28 51 6 38
8 5 80 82 6 55 90 48 9 78 63 7 0 61 11
40 88 26 29 12 13 29 95 27 1 18 34 8 72 46 7
81 75 79 25 9 87 10 22 11 9 28 94 20 66 37 14 84
86 48 40 29 27 57 76 88 61 16 63 25 85 94 71 6 69 2
7 7 17 11 63 60 77 44 17 89 40 40 0 89 5 7 50 19 37
96 5 6 73 16 13 65 30 21 93 95 73 7 99 68 10 61 75 21 70
29 79 5 42 42 69 84 97 79 83 39 21 96 10 47 41 80 1 15 84 9
21 37 40 10 75 10 66 76 57 55 56 72 52 89 37 33 78 50 78 63 19 65
19 2 77 32 25 63 56 68 20 12 56 79 3 26 77 41 7 25 16 34 7 4 59
67 89 79 74 57 78 59 77 14 52 54 59 47 54 2 26 47 85 88 44 68 53 22 31
14 7 17 23 85 29 58 88 72 90 35 72 15 82 13 30 99 57 76 80 1 28 6 57 7
18 92 85 72 99 84 36 30 88 36 41 47 42 57 66 29 56 55 7 3 79 90 15 5 99 33
27 98 32 3 51 29 14 33 33 29 62 17 59 93 26 74 4 26 1 58 84 5 68 59 35 56 21
87 96 31 7 34 89 98 88 38 49 38 70 18 70 80 24 89 40 25 96 65 56 34 73 70 19 72 34
66 51 13 66 15 40 39 77 71 65 87 26 4 56 24 16 25 25 91 63 15 25 72 76 69 84 55 92 34
68 72 81 11 83 85 46 63 76 85 90 77 57 35 60 71 95 17 32 53 15 35 79 24 76 88 45 50 37 57
59 15 90 81 24 79 74 81 90 98 49 35 66 14 56 67 32 29 54 35 28 81 34 97 55 88 13 16 84 12 69
95 97 77 50 52 0 13 81 9 94 10 45 14 96 89 23 15 59 66 14 99 25 63 92 12 96 14 83 43 31 72 57
72 46 33 64 97 77 64 88 79 86 33 94 37 20 30 84 68 38 9 43 81 31 4 92 62 94 14 6 29 2 61 46 65
97 30 64 55 55 83 22 98 61 53 20 28 22 81 23 2 87 13 8 37 1 64 38 22 1 19 52 42 37 68 73 36 42 72
95 98 99 60 40 11 57 31 8 83 63 3 94 93 42 95 41 79 9 86 43 37 17 47 45 99 32 98 92 2 63 69 47 89 66
22 95 33 71 86 1 47 28 42 36 2 85 80 13 94 80 15 84 85 95 28 6 53 53 86 76 52 29 81 82 33 92 58 30 89 75
90 8 10 91 99 25 98 17 96 99 40 49 91 84 54 24 63 57 82 91 52 48 19 36 26 24 24 40 81 35 43 55 22 82 18 87 82
76 83 39 93 46 47 1 33 51 49 99 17 30 12 55 54 42 45 36 20 8 20 96 48 49 92 36 11 67 42 43 34 14 88 17 49 89 30
91 89 84 95 20 52 17 21 91 87 32 90 48 16 49 8 54 4 31 80 76 80 59 48 28 7 62 72 3 64 59 69 29 24 35 48 95 0 36
88 73 30 43 74 45 46 61 94 52 69 31 65 2 76 61 57 29 83 26 36 8 35 9 49 56 76 35 79 30 71 39 83 12 71 16 81 11 99 48
37 69 22 66 93 0 35 39 41 76 55 77 54 84 48 99 90 0 44 79 20 27 8 39 6 47 65 16 54 21 36 49 38 61 65 69 59 21 39 94 19
58 54 4 40 35 15 42 64 70 45 23 56 39 11 50 24 78 3 63 0 78 20 98 85 16 24 87 73 8 70 24 71 75 56 73 13 79 1 31 93 9 9
97 43 35 96 44 13 37 8 13 90 62 98 15 2 51 7 86 20 12 73 92 55 89 14 95 89 82 23 43 43 87 21 66 36 22 56 4 78 24 7 73 15 38
60
94
85 45
57 6 56
69 42 77 18
30 49 54 1 21
18 69 40 74 28 43
75 53 83 28 14 0 62
4 17 28 11 40 8 14 19
72 53 23 34 94 0 58 87 15
20 54 80 98 88 67 99 24 27 80
94 76 94 13 71 56 76 77 14 8 61
12 0 51 84 23 98 0 96 89 24 80 44
51 99 85 24 6 74 49 51 66 10 9 83 3
3 19 84 19 35 63 24 19 65 2 45 35 10 92
7 28 18 63 93 82 61 69 74 10 35 5 74 14 51
46 1 79 22 41 26 11 98 99 25 76 70 41 12 42 32
19 79 95 8 86 83 32 31 74 93 9 44 79 74 54 33 34
96 16 62 87 36 30 95 58 86 0 86 72 71 38 68 35 35 48
59 71 10 29 3 79 20 94 88 48 86 70 9 61 97 3 57 76 35
24 29 25 15 13 26 86 84 53 89 45 33 90 1 15 50 54 63 54 89
23 84 64 79 61 83 2 35 95 74 3 76 55 89 36 23 74 75 73 48 78
50 12 20 95 96 9 4 87 64 4 92 80 5 74 70 14 20 12 46 49 13 37
91 23 6 28 78 11 64 95 55 65 38 6 5 40 85 93 64 87 83 0 17 62 92
53 90 7 99 58 48 69 88 49 1 12 32 38 91 10 43 29 9 66 45 82 28 2 90
82 54 73 93 16 36 52 67 3 6 4 73 13 45 25 61 37 7 94 86 86 16 59 0 66
91 7 29 88 32 72 82 92 90 72 48 49 55 71 74 42 77 84 97 23 95 93 61 69 67 29
30 14 95 42 69 16 95 21 6 80 60 66 85 62 97 77 58 74 75 31 80 2 43 98 58 90 15
10 90 12 87 73 20 59 28 5 1 55 31 3 49 29 2 52 96 53 13 22 43 41 60 73 8 82 31
20 5 47 75 65 36 64 81 70 9 70 38 47 30 6 21 44 2 38 70 4 75 47 63 68 60 12 35 28
25 49 96 49 42 80 11 13 47 68 89 43 42 52 4 91 97 82 12 74 60 76 54 0 74 53 27 68 88 77
20 77 13 98 42 85 30 98 56 86 16 71 75 50 50 46 12 6 9 99 91 2 7 49 30 55 60 19 44 91 69
18 59 90 88 21 72 56 39 50 89 75 16 47 71 15 18 35 62 44 21 52 26 44 59 2 58 34 37 84 78 52 15
57 27 51 55 50 89 98 61 30 44 87 32 17 32 47 13 56 65 80 38 4 25 38 3 62 16 25 5 89 79 96 11 4
35 29 2 19 79 30 87 50 40 74 30 71 88 16 16 24 68 63 66 76 6 62 2 7 96 69 24 46 57 15 11 27 26 31
67 32 69 88 63 39 89 3 53 44 98 93 43 86 0 70 4 69 89 95 8 46 25 95 52 40 36 15 8 56 52 86 24 36 69
35 96 86 90 32 94 56 0 78 56 32 28 49 41 89 71 89 55 3 63 71 39 33 33 48 91 80 7 13 38 7 1 84 21 65 76
6 68 79 51 96 18 56 17 77 2 53 5 33 23 21 38 85 33 59 23 60 14 44 97 62 92 5 50 14 99 90 10 74 2 74 84 21
71 43 18 4 75 34 37 92 36 77 83 99 93 92 13 48 86 10 73 14 76 5 82 86 62 89 9 82 26 55 49 17 74 8 24 61 38 87
85 32 4 15 23 90 65 17 30 19 14 5 21 22 41 35 96 30 84 42 24 6 86 96 86 50 33 21 88 80 23 62 58 80 63 0 92 83 41
59 95 30 1 16 83 9 91 15 11 9 56 32 88 31 23 6 95 82 38 20 36 69 86 42 7 3 82 52 30 53 17 11 77 83 0 40 20 86 1
55 3 24 66 48 33 21 62 90 53 14 63 62 85 92 93 66 5 50 83 77 76 83 5 58 57 65 33 59 39 26 76 9 51 20 47 45 13 20 39 19
5 66 81 4 19 45 29 81 1 98 81 76 82 6 56 67 59 56 37 18 72 45 38 93 22 81 12 15 20 1 80 87 32 96 48 50 16 3 65 88 33 25
2 98 33 12 84 88 74 67 41 97 59 62 28 96 42 54 73 10 96 2 10 19 56 90 9 91 7 11 71 56 73 87 80 81 9 55 49 25 98 60 97 77 55
76 61 9 42 61 57 88 6 92 5 36 79 74 39 63 18 13 96 28 15 22 30 70 54 38 63 56 21 41 83 0 30 38 53 60 66 87 39 9 71 49 92 34 95
80 79 12 46 37 85 86 54 44 50 4 81 39 35 65 94 31 63 30 7 29 35 3 31 1 42 40 40 18 13 98 22 81 27 78 87 58 23 9 12 31 3 29 10 90
62 75 56 78 70 9 42 60 49 78 73 60 12 44 5 1 98 5 56 89 30 29 8 59 89 62 42 86 47 29 43 16 95 28 61 3 84 96 30 65 24 25 78 87 13 32
7 49 8 93 77 44 86 80 89 66 72 45 35 75 10 37 9 68 42 24 70 23 62 77 99 81 86 70 54 0 22 96 31 83 50 77 56 51 50 71 92 9 3 65 50 81 42
37 77 68 69 69 48 61 26 76 64 22 86 65 35 2 91 86 16 50 1 56 65 30 57 88 45 13 93 46 64 49 83 97 81 56 6 13 5 68 89 97 29 95 46 40 48 56 59
15 96 19 95 72 93 83 98 30 26 71 16 14 1 96 5 39 36 72 51 52 56 41 26 23 76 53 55 12 46 10 85 70 11 99 98 40 2 81 26 61 22 27 23 83 83 61 86 91
44 4 6 14 4 51 75 79 98 54 39 52 17 58 30 94 13 9 85 93 14 17 74 55 69 79 54 63 88 52 16 67 18 23 98 5 67 24 1 67 74 13 55 80 14 58 5 65 28 82
42 24 84 93 36 29 19 17 64 24 75 26 18 84 70 29 17 10 61 39 78 98 54 5 34 11 8 96 23 16 93 36 5 31 13 17 50 34 4 70 92 56 84 75 0 44 82 74 49 41 53
33 3 15 21 16 87 34 29 0 68 45 27 47 48 1 12 83 81 70 2 35 80 26 38 66 38 41 61 79 66 56 14 1 28 33 74 0 89 22 44 95 8 1 19 8 11 81 48 41 63 40 30
8 6 99 9 94 66 11 19 53 70 84 3 76 23 73 11 80 38 12 55 86 39 98 98 53 14 35 75 28 75 10 71 15 26 96 52 57 24 99 51 74 5 19 24 58 83 12 44 90 72 99 29 7
41 31 58 95 14 76 29 98 28 35 64 61 73 8 54 75 31 98 45 1 63 80 37 29 80 48 10 0 0 7 92 84 77 79 82 59 61 61 69 74 45 59 57 21 12 65 37 33 95 23 9 80 64 35
75 14 18 20 85 91 43 44 2 76 33 95 70 87 81 76 80 43 38 63 36 5 41 58 33 29 49 93 22 61 68 84 88 73 34 33 84 21 91 8 54 81 35 68 20 70 0 17 59 47 85 77 77 57 31
24 37 86 25 84 89 91 97 17 92 4 2 42 56 58 83 44 44 42 31 28 37 97 30 57 80 16 98 0 9 33 13 20 54 61 82 75 84 92 88 72 49 62 78 76 78 69 24 37 15 81 41 54 61 38 57
38 60 5 47 44 28 74 90 26 33 37 22 59 45 34 79 36 75 29 75 55 0 51 8 33 41 47 89 97 72 94 99 30 64 54 67 90 46 66 8 81 98 40 38 68 83 66 15 97 27 83 65 4 79 86 54 87
39 67 31 87 36 53 50 55 25 66 50 20 72 23 99 30 26 68 14 97 80 71 60 97 7 56 53 63 36 96 76 65 11 41 81 36 33 61 18 37 44 59 16 30 41 95 24 25 0 86 18 57 55 98 39 60 17 37
46 22 55 86 44 21 22 81 84 18 99 11 81 58 58 85 53 38 18 60 7 69 80 67 22 5 2 32 96 85 84 8 82 19 3 26 52 25 16 14 29 84 52 31 26 67 67 15 21 25 83 27 9 79 30 52 70 54 61
45 78 82 6 25 56 6 31 47 63 36 83 62 5 79 48 50 21 57 71 0 38 14 34 85 66 77 67 34 83 84 42 54 43 47 46 19 65 88 17 29 32 26 41 95 44 20 60 88 94 50 34 67 71 34 25 42 52 67 68
98
67
47 15
73 93 9
59 94 84 96
73 29 79 66 3
75 28 98 37 66 68
28 90 43 60 14 72 36
78 11 9 63 25 58 38 65
4 57 15 22 38 70 1 34 27
99 78 15 69 51 68 0 5 86 77
22 3 24 61 39 33 34 32 75 62 69
64 72 56 3 17 54 41 18 79 60 77 81
14 45 32 60 39 8 0 48 3 19 20 58 26
43 40 88 40 24 72 8 67 60 7 18 56 5 3
57 69 93 91 5 84 87 85 81 87 5 76 79 85 26
16 23 72 4 77 96 3 49 2 87 34 52 31 76 20 45
91 46 76 81 16 25 96 52 57 1 10 25 56 32 61 96 91
34 70 24 28 17 93 69 25 11 94 16 81 53 76 38 99 41 93
21 58 87 54 24 58 40 83 7 42 69 83 90 48 5 84 48 43 72
55 98 98 79 95 82 14 72 42 68 8 42 20 55 32 76 39 76 88 17
67 93 46 89 54 80 39 96 38 75 43 97 78 93 41 13 88 92 16 21 46
3 61 6 30 98 35 46 70 14 41 97 78 61 16 76 23 22 84 22 77 26 81
58 75 70 14 2 80 21 5 18 51 59 60 33 73 64 81 60 21 16 90 65 76 34
89 79 6 24 76 84 14 23 59 20 86 27 7 73 36 30 92 43 90 6 98 58 6 0
32 8 65 90 56 97 65 37 26 35 62 0 43 33 50 76 89 68 96 99 47 58 97 70 83
1 3 56 75 37 89 68 21 0 49 2 58 82 40 28 36 29 59 21 85 25 39 21 79 87 67
5 10 22 4 77 83 48 36 53 74 88 5 32 0 12 24 19 29 55 4 75 93 20 58 15 23 92
81 9 20 33 41 48 58 69 79 23 77 47 69 19 95 56 22 4 75 2 75 84 25 3 19 30 59 71
90 83 46 57 45 76 97 50 81 10 36 14 28 97 19 64 38 51 0 7 58 70 87 14 96 51 30 3 37
58 56 67 18 63 22 62 79 34 16 36 63 74 5 40 62 21 79 79 30 15 96 67 10 45 78 19 88 22 6
50 23 45 39 36 52 78 3 95 18 30 90 6 15 67 80 1 52 56 95 2 84 25 48 3 86 68 74 74 59 50
32 23 14 25 62 80 49 13 81 2 61 96 41 82 43 53 11 34 39 59 98 55 49 23 81 54 90 49 90 59 20 0
53 69 7 58 23 31 74 54 79 72 16 44 17 85 31 2 78 68 33 11 90 66 18 48 39 99 44 18 70 32 95 58 80
68 33 16 32 45 34 58 23 11 57 32 76 12 93 59 29 22 33 65 12 70 51 25 28 92 10 85 66 53 73 29 8 42 12
26 3 66 64 40 30 66 63 14 53 93 30 13 41 47 41 66 51 71 24 70 38 60 88 4 32 57 81 70 89 23 13 23 73 69
48 82 42 79 66 16 62 85 8 80 4 75 36 33 61 1 43 93 62 14 12 93 10 94 35 78 16 84 33 61 82 76 30 7 67 3
29 42 54 27 3 41 39 81 25 89 61 78 57 10 81 28 88 12 73 64 8 91 32 70 81 61 85 71 60 97 7 49 87 3 91 62 79
92 20 98 55 14 55 46 89 32 15 18 60 39 80 85 67 41 14 1 1 44 75 15 97 13 21 52 57 34 36 14 98 14 34 38 15 59 91
61 98 55 81 63 90 5 40 54 17 6 55 76 88 47 75 58 82 54 22 36 58 96 14 74 15 91 68 65 67 42 38 29 7 78 46 18 71 11
14 33 25 15 73 55 3 13 95 84 42 60 13 37 6 30 58 35 3 72 33 97 1 98 82 92 73 27 15 99 18 9 43 16 18 9 50 53 16 75
80 36 36 20 24 44 60 39 86 14 96 31 70 2 55 17 68 4 24 2 62 72 56 30 20 76 2 36 90 68 70 23 43 71 25 50 53 95 19 44 88
16 4 77 47 0 78 21 77 38 8 75 73 48 56 91 22 15 93 89 97 9 26 70 87 73 77 95 11 32 51 69 35 90 6 37 30 83 24 90 86 91 45
49 77 94 86 25 14 35 30 90 32 87 8 58 89 10 85 93 3 23 82 32 82 39 70 49 42 37 58 7 46 28 48 76 90 27 19 31 26 31 49 59 69 7
69 85 20 59 22 76 43 71 58 7 73 37 90 57 64 12 61 50 53 65 92 19 59 84 53 18 19 84 12 83 92 58 49 70 58 69 38 43 23 54 49 91 30 54
62 19 89 20 27 35 45 65 68 37 50 73 41 56 77 13 12 9 86 90 10 96 87 10 9 79 26 35 69 64 57 42 23 31 55 60 16 60 38 50 57 17 25 25 91
21 35 81 55 29 29 4 53 35 89 83 5 41 17 44 36 62 21 94 89 37 93 15 15 81 70 53 68 57 82 53 18 32 52 40 9 61 61 87 53 63 53 32 44 31 24
7 3 95 88 97 64 67 79 0 10 44 91 52 31 47 4 4 34 62 24 81 55 44 47 86 52 59 54 99 16 65 7 35 57 50 94 79 76 49 29 25 58 37 54 35 22 28
6 9 73 69 71 92 70 39 30 86 24 75 98 16 11 67 65 13 93 51 56 82 85 69 26 70 9 50 46 96 75 35 70 44 15 68 41 77 0 18 61 59 75 80 43 72 5 75
70 90 78 90 61 96 44 60 31 35 65 35 6 49 26 70 55 64 7 34 91 86 32 26 46 52 11 50 54 85 36 58 76 95 84 70 25 48 50 7 4 25 12 59 58 66 34 32 65
46 74 14 7 22 40 65 98 98 32 48 97 25 15 31 88 28 57 46 79 83 63 19 45 66 87 16 13 76 77 98 32 65 91 62 19 76 99 47 18 53 16 26 51 70 61 89 75 86 42
32 21 27 34 2 15 11 71 26 47 21 16 86 26 52 37 99 3 65 40 6 7 5 3 4 31 18 93 12 25 93 59 31 36 79 16 40 18 52 88 80 69 16 52 24 67 36 79 73 9 71
73 3 84 45 25 87 67 76 95 94 3 64 18 53 87 9 97 41 91 57 49 90 78 59 19 16 52 63 59 44 4 22 73 50 38 52 68 8 86 67 23 21 57 33 94 35 52 67 90 25 81 56
37 52 63 34 90 33 65 42 40 80 94 15 42 84 48 78 38 19 77 7 2 26 42 67 32 59 16 58 5 23 66 31 60 47 3 0 18 8 78 43 64 67 75 34 79 51 71 47 2 16 37 10 71
33 58 42 7 30 21 9 26 16 55 60 56 30 87 89 11 98 2 13 66 4 33 95 33 18 39 93 13 29 33 93 71 78 10 63 52 39 83 15 62 42 64 12 28 81 13 54 7 60 66 5 94 11 0
49 4 69 83 87 16 62 46 38 8 76 86 77 74 24 81 54 36 3 80 99 67 53 6 11 51 77 99 63 27 1 20 33 7 21 5 6 24 50 74 76 17 4 42 52 75 19 61 7 3 10 76 14 50 95
65 17 72 14 24 7 12 55 84 98 20 75 22 89 10 93 39 97 66 72 44 77 59 93 2 24 92 16 27 46 38 28 66 16 45 23 34 57 86 52 12 44 11 48 25 27 83 37 43 98 34 47 35 44 54 60
95 63 90 8 32 42 26 77 45 88 21 66 87 13 33 44 39 27 2 4 66 8 69 46 45 36 93 72 93 1 21 32 56 92 68 21 59 46 26 44 40 73 67 75 81 78 81 2 10 67 59 44 82 91 20 19 33
90 7 60 24 28 55 69 58 65 36 5 33 29 43 62 1 52 53 95 83 87 10 61 65 98 22 16 8 52 97 42 88 85 52 37 53 64 58 29 74 61 66 16 9 26 37 99 9 11 54 83 52 10 80 57 22 24 59
71 26 58 51 21 70 13 61 36 7 71 42 60 30 80 68 20 67 57 99 78 5 63 50 80 25 91 76 68 40 0 25 74 42 21 2 3 2 44 2 99 88 71 89 50 81 80 26 57 37 59 96 75 79 41 40 42 51 63
45 93 89 13 86 12 87 44 56 73 14 75 6 59 11 57 9 53 75 46 92 50 72 27 18 11 10 78 95 51 84 23 24 81 20 13 14 69 75 46 14 22 72 63 61 7 76 41 88 44 81 90 20 98 30 88 68 83 38 36
57 0 74 56 40 51 30 45 0 91 36 18 6 26 16 79 60 58 61 93 27 64 9 50 74 30 65 28 26 1 98 20 91 12 99 68 97 19 32 32 42 46 61 60 55 60 96 73 46 48 75 81 3 62 72 88 25 58 80 13 22
25 54 30 26 87 24 82 68 69 24 66 3 54 36 69 40 6 8 55 89 91 15 5 54 23 20 82 21 63 48 48 80 43 49 4 75 68 64 81 12 13 88 59 3 22 42 81 87 34 53 82 24 42 25 76 69 1 79 97 33 84 36
73 63 17 82 39 15 60 2 39 21 14 49 2 68 88 31 62 16 22 96 81 3 64 87 6 53 7 65 52 17 93 58 84 10 69 48 64 65 21 17 99 8 95 73 43 59 89 75 55 8 57 90 99 73 63 59 44 2 21 12 94 50 38
31 29 33 18 99 54 81 58 73 94 36 88 25 17 89 98 51 19 47 28 97 1 86 92 33 51 24 63 21 89 65 17 40 80 7 40 67 90 56 85 43 7 86 98 47 8 24 1 20 8 93 5 13 32 94 8 67 52 70 53 28 38 82 36
60 45 57 31 34 40 6 89 46 44 9 4 1 5 64 3 62 5 51 72 37 53 31 18 50 87 75 26 43 4 34 63 10 98 88 23 11 52 27 32 52 14 24 74 57 20 81 77 78 63 57 90 17 9 26 94 96 60 36 19 68 81 31 32 35
69 52 45 39 67 61 28 2 77 20 54 87 34 43 43 90 79 14 13 1 29 93 49 47 99 90 14 15 65 72 26 19 81 98 81 60 88 54 57 64 16 33 93 2 91 9 87 84 84 26 18 96 79 37 79 24 7 25 62 26 52 1 88 70 66 39
55 77 91 66 26 71 10 87 45 60 89 47 3 86 28 68 25 22 68 90 53 56 71 29 1 28 14 32 64 44 23 98 90 95 94 14 51 1 91 18 76 0 14 45 53 99 11 37 54 96 4 60 57 35 59 76 21 96 76 21 54 18 18 47 90 85 85
41 20 38 52 12 15 28 45 27 42 71 93 69 5 63 97 53 83 96 47 6 98 32 35 67 20 77 98 11 96 16 18 88 29 15 12 93 25 82 78 83 20 66 45 29 43 1 29 67 77 21 2 17 44 78 1 36 87 68 26 60 47 1 1 44 14 58 56
3 73 76 30 20 7 22 73 1 42 5 94 99 11 37 10 81 8 88 88 15 17 80 20 88 13 99 84 21 14 96 50 37 17 21 50 93 4 72 1 60 15 18 51 55 2 47 1 24 14 87 76 53 34 31 81 47 68 41 11 13 59 19 96 71 0 26 19 91
91 54 18 4 6 14 67 57 94 4 2 82 10 84 30 99 22 9 69 12 99 59 64 33 7 91 70 32 95 29 60 82 74 8 34 14 80 53 0 41 32 89 80 80 42 30 65 67 75 74 81 84 37 20 37 71 15 82 2 98 54 45 66 98 87 95 14 83 47 44
70 48 19 40 92 47 16 6 7 37 33 76 21 89 14 35 37 33 90 11 95 11 11 59 50 84 83 62 33 59 1 18 48 58 10 9 28 4 26 59 66 99 30 64 40 55 13 98 98 26 41 10 90 67 67 52 21 2 51 93 41 32 9 15 73 87 87 81 30 93 83
14 67 14 40 58 67 72 96 71 80 40 80 60 44 14 75 5 55 45 46 63 9 64 68 9 2 73 40 18 11 23 43 66 84 43 8 53 95 51 91 46 65 77 28 49 81 4 63 74 9 76 29 18 74 15 95 86 71 25 52 29 0 22 34 47 23 68 18 20 52 4 76
63 47 40 24 31 16 81 73 49 49 27 73 75 21 1 97 32 91 58 55 19 24 10 6 34 61 8 40 14 3 74 22 54 66 11 34 8 54 39 92 95 36 29 88 71 19 55 36 69 53 45 15 28 89 29 24 88 24 64 28 36 91 16 4 58 48 16 58 97 8 49 29 40
97 34 98 24 24 14 62 68 18 40 2 80 31 19 67 92 11 53 60 53 24 5 56 10 69 70 92 85 36 24 93 80 37 33 42 44 31 52 19 76 15 97 14 98 66 76 47 43 75 73 72 83 26 67 98 93 97 9 22 17 36 69 25 23 33 28 10 38 44 90 58 74 82 90
52 59 98 79 66 35 35 31 27 8 75 67 12 42 11 13 86 41 67 48 98 7 98 57 19 34 38 61 2 89 93 84 79 36 12 49 52 13 79 88 21 20 97 25 9 25 38 94 68 90 17 24 48 24 38 91 37 35 78 82 1 75 4 55 10 66 99 76 16 28 98 43 45 31 14
41 2 91 19 84 74 68 34 13 86 6 38 35 66 56 46 96 1 80 26 75 66 38 98 78 40 61 53 71 30 45 93 27 67 17 59 72 70 6 24 87 79 83 8 61 24 37 42 74 4 37 67 73 63 14 57 79 0 12 9 28 86 29 51 49 81 58 70 48 25 61 15 65 77 62 30
61 5 12 14 96 39 17 33 10 68 81 2 81 27 34 72 88 8 22 76 32 70 47 40 26 53 50 47 53 56 59 28 28 46 51 77 79 15 94 43 94 40 46 86 83 44 57 35 63 60 65 1 38 95 36 3 73 86 1 34 72 33 7 74 67 78 3 26 65 66 69 19 11 49 29 23 14
99 32 21 82 82 34 12 18 19 26 35 37 16 37 9 41 81 83 92 37 79 75 23 91 34 37 39 85 2 45 47 66 96 25 7 0 21 31 32 78 22 41 6 63 61 54 33 21 74 69 31 69 56 1 98 96 95 57 31 88 55 63 72 80 11 24 45 25 63 10 21 15 75 15 82 64 48 3
46 46 0 72 54 76 71 17 55 88 39 61 45 28 55 73 98 0 46 91 41 53 66 30 37 60 68 37 81 19 8 1 41 68 13 34 51 7 29 35 10 93 18 30 41 94 11 1 57 38 7 90 56 84 68 19 38 89 87 40 21 94 92 75 92 25 32 20 59 25 75 11 55 50 35 66 44 78 83
26 29 40 43 87 0 82 12 13 2 78 25 95 34 17 47 19 33 99 65 15 92 57 39 62 20 31 8 11 95 39 69 63 35 47 38 71 16 66 68 32 45 56 52 27 57 96 53 8 70 33 42 98 82 99 51 54 43 34 85 35 50 3 51 8 54 62 2 59 52 57 0 31 38 77 31 42 21 8 93
44 5 56 2 61 51 0 27 6 39 17 14 74 25 38 92 25 79 65 2 6 11 49 36 95 92 46 31 69 58 67 59 96 45 54 69 2 18 45 5 66 38 86 5 8 45 86 53 14 45 7 4 56 89 17 73 36 65 87 90 81 59 43 62 89 22 71 90 38 20 86 57 67 84 41 10 82 97 13 36 81
45 65 64 20 71 16 89 83 25 8 2 82 55 88 50 2 39 79 65 95 18 4 11 96 25 76 75 95 92 52 43 28 41 60 13 64 13 66 51 76 64 4 61 90 12 42 30 81 96 71 67 86 94 56 87 98 82 28 96 56 31 57 50 34 61 72 22 57 46 36 7 37 97 69 16 39 76 76 81 3 73 13
17 89 70 46 0 96 47 71 80 18 38 74 90 50 12 71 20 45 85 88 91 81 56 19 69 38 4 68 30 9 24 70 52 53 73 16 67 59 11 57 86 28 81 12 56 35 2 19 76 38 46 82 54 2 59 33 70 95 45 69 89 68 88 53 43 23 6 90 18 55 25 75 98 28 18 94 30 83 67 3 97 5 22
6 8 91 89 67 32 36 29 45 67 99 75 0 96 91 87 34 17 46 78 29 52 69 33 34 72 79 17 7 45 1 2 78 64 77 13 31 77 2 15 55 3 59 82 39 37 12 22 33 63 96 16 89 10 72 2 25 64 58 60 20 47 84 58 0 48 85 13 30 94 9 32 11 80 34 43 95 14 85 24 4 44 38 87
9 52 58 67 46 77 62 26 92 16 19 73 71 18 1 74 63 64 17 93 99 15 74 57 97 63 13 94 56 74 55 38 51 75 5 28 72 40 14 51 36 40 50 84 35 69 60 28 40 39 39 17 89 55 1 42 79 79 90 39 32 2 73 24 1 3 30 39 29 55 77 54 2 90 21 20 91 40 95 97 91 38 99 72 94
56 25 56 23 21 68 9 83 85 75 61 69 46 89 55 98 38 67 15 16 69 45 49 53 46 46 39 78 87 40 14 50 21 37 33 60 24 93 43 52 9 77 99 96 3 71 64 23 65 65 63 62 33 23 9 21 17 70 69 86 49 13 16 74 80 25 34 68 53 76 45 72 1 79 49 80 35 76 22 18 60 9 54 62 48 28
23 42 72 9 81 37 75 6 79 27 46 70 88 44 30 48 65 90 21 0 3 46 23 67 21 65 89 21 4 8 50 9 20 24 71 35 91 67 63 28 23 46 65 7 47 43 82 14 67 85 77 56 7 26 0 64 90 53 93 43 26 35 17 33 92 44 2 65 93 54 59 7 63 53 19 84 4 15 0 16 41 15 44 64 10 69 29
27 3 40 42 15 75 95 63 50 32 51 5 42 26 57 59 23 89 51 81 13 0 33 88 73 86 34 53 28 36 12 94 45 78 10 0 42 5 91 60 69 64 64 48 92 92 42 9 65 78 66 23 61 10 32 68 11 50 76 71 22 95 9 95 52 25 23 59 8 31 75 58 91 97 41 40 77 41 48 71 11 73 82 5 85 23 30 16
63 49 2 16 61 67 34 53 50 36 29 19 38 25 79 55 68 51 23 85 50 65 88 97 7 7 79 64 39 10 88 26 40 19 90 61 61 57 76 35 38 87 99 49 73 63 86 66 32 93 99 65 62 39 80 2 77 85 57 92 87 20 73 65 32 83 50 55 53 83 6 83 35 89 89 81 90 7 28 41 7 47 81 1 24 99 85 66 64
33 81 70 88 47 44 5 91 46 82 12 40 64 40 38 13 17 16 64 6 68 2 45 54 70 75 41 80 72 24 25 75 16 10 67 86 65 24 18 93 48 15 70 16 87 89 15 14 0 63 85 19 62 71 89 74 87 69 5 15 66 6 52 46 60 55 23 37 69 19 8 32 85 59 17 82 48 70 74 69 8 10 55 73 77 5 51 22 26 36
96 24 17 75 25 22 80 49 86 87 29 27 9 72 63 86 94 36 72 0 68 46 38 52 4 91 96 14 34 52 3 0 0 23 70 37 61 5 51 19 60 69 15 78 81 88 63 12 90 61 17 43 92 4 27 74 94 6 98 59 20 39 8 90 49 6 25 56 36 51 86 27 96 49 95 9 65 17 57 56 38 63 50 25 15 81 8 70 20 19 63
82 69 67 77 98 64 22 96 86 49 80 78 76 2 12 44 18 2 2 35 61 76 73 54 74 6 91 45 15 75 49 12 4 56 22 8 30 70 52 66 12 27 52 92 97 54 97 57 18 4 3 55 39 0 90 24 46 27 11 61 99 20 38 62 2 94 94 83 84 33 79 96 65 65 40 35 30 24 24 69 33 38 82 30 91 60 69 71 41 47 3 67
43 72 21 77 99 63 41 49 2 46 74 46 21 1 59 95 36 12 35 52 83 4 43 87 79 64 78 28 20 27 99 9 30 60 43 41 89 26 54 78 80 7 87 21 9 95 95 66 82 27 81 73 70 39 28 60 74 60 84 85 24 7 7 19 93 72 78 48 98 39 96 23 7 21 27 70 34 25 24 25 25 65 79 1 96 54 21 40 76 80 73 91 85
57 71 4 44 43 9 47 71 79 90 40 98 35 68 32 68 2 32 14 25 10 43 5 88 71 75 38 44 82 73 89 27 63 29 36 19 42 89 12 75 39 79 55 20 89 47 44 35 72 21 48 23 31 14 89 90 87 72 22 80 28 43 44 54 78 76 75 91 80 1 59 36 77 22 25 60 27 5 57 78 54 38 68 97 47 14 55 70 11 81 48 65 32 29
91 17 97 51 35 63 12 91 30 78 29 84 64 11 67 73 91 55 49 2 21 84 48 84 63 89 12 23 87 4 95 9 29 54 7 87 46 22 91 92 17 0 72 52 56 50 62 98 87 44 65 0 58 18 6 74 91 72 85 23 90 65 11 30 32 77 73 32 3 97 91 58 96 7 76 76 21 30 20 49 63 18 60 35 70 55 47 52 91 61 96 79 48 65 93
71 14 57 9 6 76 41 37 34 81 36 82 36 70 55 72 74 94 82 17 48 36 52 49 0 88 87 1 71 34 60 0 97 87 87 37 91 54 50 24 83 68 22 82 59 30 83 91 25 51 76 84 56 53 20 32 57 18 27 36 40 62 85 41 54 71 8 7 26 14 5 97 81 81 99 75 27 77 75 35 69 58 54 85 95 89 99 66 28 80 95 9 85 15 43 7
7 97 0 82 60 7 59 26 85 71 2 65 43 52 3 69 70 26 18 5 43 77 58 97 67 0 80 93 66 44 91 50 23 82 47 57 60 51 17 75 62 63 85 34 25 74 77 90 7 69 83 51 94 88 28 50 69 32 12 76 31 42 29 90 43 99 76 91 89 11 66 85 64 36 7 53 99 78 4 87 4 86 24 51 29 1 98 13 69 66 22 66 45 17 96 2 63
2 15 23 90 96 89 89 56 81 29 52 84 84 57 96 30 30 50 52 58 97 91 97 75 30 62 67 88 65 36 99 20 74 85 4 60 45 12 59 80 72 59 65 14 7 73 33 91 70 21 2 23 26 18 64 72 26 97 75 94 71 43 75 26 42 8 7 4 87 11 72 44 46 58 21 92 97 29 40 36 7 78 22 46 15 17 49 0 3 85 49 66 64 18 80 7 79 36
73
97
35 44
98 95 98
54 56 67 8
61 81 55 81 51
48 98 7 62 92 83
90 62 2 79 79 13 83
97 88 53 7 17 28 86 38
55 1 86 56 78 5 0 46 4
89 96 47 76 44 36 0 46 92 95
45 54 42 93 6 37 13 91 26 5 42
74 32 77 10 84 30 62 98 15 59 8 80
14 56 23 72 88 62 83 23 9 54 31 19 1
65 29 62 23 71 91 50 30 3 65 20 20 22 43
98 71 62 86 19 74 63 79 36 63 88 35 12 31 31
90 6 47 77 17 48 27 10 68 13 60 10 96 15 63 77
96 18 29 47 33 82 54 8 16 60 73 31 31 35 91 4 35
95 60 47 51 13 51 93 76 99 6 73 52 37 20 50 22 95 3
32 35 83 15 84 27 26 58 95 9 90 4 36 34 59 63 52 76 93
21 80 83 47 12 99 96 62 58 3 92 54 10 96 17 89 59 19 57 0
14 35 87 79 64 29 66 29 2 58 24 45 61 45 46 26 30 36 67 96 9
33 33 96 41 41 0 7 15 31 80 36 12 40 54 57 68 93 38 26 5 20 32
10 41 7 43 96 68 85 56 35 14 19 24 59 0 50 26 14 3 37 2 26 7 40
91 42 51 81 0 61 34 24 78 6 94 16 22 93 1 17 18 56 41 13 98 51 70 58
51 91 94 69 89 65 59 21 75 56 67 84 90 1 81 76 94 81 79 80 81 52 45 22 90
0 88 3 12 52 81 42 34 58 81 79 50 84 11 12 73 23 81 40 70 34 71 45 83 22 53
56 27 66 59 19 22 83 48 68 76 51 65 91 37 49 20 34 30 37 95 41 94 36 0 17 24 55
95 2 99 61 73 50 40 4 16 13 49 81 2 36 49 90 43 45 82 86 96 17 1 17 42 76 37 79
59 85 90 10 81 31 45 78 14 76 99 53 95 89 65 12 61 27 51 34 93 71 49 5 94 46 16 50 75
95 47 25 62 91 57 50 76 75 64 72 97 13 49 32 81 87 0 28 77 91 83 5 57 83 57 74 86 49 88
89 92 95 13 33 47 81 87 5 74 83 51 33 36 57 72 31 82 99 16 22 72 74 8 88 98 44 19 80 53 40
20 57 90 91 55 61 99 73 45 63 20 31 82 93 28 21 77 61 19 37 96 86 9 99 37 34 6 89 65 15 83 76
21 80 72 14 24 8 36 55 97 90 75 11 27 43 39 85 26 26 97 7 32 54 94 5 6 75 32 80 30 15 35 43 65
86 0 73 14 45 27 88 58 14 62 96 29 7 94 31 35 19 43 73 44 32 14 65 60 24 6 25 93 99 52 94 46 82 75
64 21 83 72 55 74 11 87 75 49 22 53 56 72 42 11 71 7 41 10 73 35 96 6 3 46 72 14 57 71 77 21 82 3 4
45 71 35 67 14 27 46 56 0 0 98 97 71 72 14 74 72 69 40 80 58 7 9 48 24 53 23 30 8 79 87 73 20 8 26 93
29 38 67 12 64 71 45 83 96 26 21 56 31 37 57 36 72 44 88 66 77 60 27 64 27 62 13 24 37 31 30 88 61 76 53 3 44
44 17 54 59 1 3 80 72 1 17 51 19 32 4 92 0 98 59 67 56 17 84 2 22 62 7 69 77 72 96 92 0 83 63 42 95 6 85
6 58 9 66 40 24 53 70 13 79 5 9 88 75 85 66 61 46 85 67 31 72 42 16 87 58 90 74 76 37 92 57 89 16 3 68 66 69 42
0 29 43 66 20 94 68 69 79 94 69 30 78 27 82 72 46 69 18 97 33 98 53 13 99 9 36 44 41 5 80 23 69 0 6 35 98 95 46 84
58 6 80 1 44 50 96 23 61 73 16 46 93 60 52 94 82 86 59 62 58 27 38 94 94 74 56 2 39 26 74 34 42 27 20 71 71 2 96 92 10
23 81 71 51 86 66 41 0 53 13 40 58 34 27 92 3 17 83 6 83 1 39 36 9 53 22 49 15 74 50 14 87 49 95 74 27 62 6 35 15 58 93
15 66 68 44 56 33 82 32 85 45 92 22 49 77 25 40 27 23 50 72 58 57 69 79 43 87 39 91 47 35 99 16 37 85 78 99 96 33 94 63 1 53 15
29 46 88 63 23 76 54 2 39 27 47 22 55 40 11 44 10 24 71 80 22 57 73 48 50 95 53 11 48 48 3 51 72 46 9 90 50 67 36 69 38 91 63 92
85 21 74 45 26 83 40 53 86 27 68 80 9 62 96 14 27 59 17 35 25 59 56 67 3 4 53 84 50 74 21 92 57 61 61 23 70 87 59 62 83 40 39 70 47
80 82 49 39 5 66 67 40 82 59 20 48 19 75 23 41 78 19 51 69 51 29 58 33 31 48 51 73 75 29 94 30 25 92 38 64 67 83 37 48 41 48 11 32 99 66
80 45 17 55 30 55 19 57 64 96 91 12 28 51 88 44 4 44 71 92 41 11 37 2 18 48 5 8 90 31 38 60 70 97 35 4 15 25 25 54 47 81 96 12 56 6 88
72 29 17 81 97 49 75 72 59 15 41 26 37 36 59 55 75 37 50 7 30 63 18 30 23 37 16 88 99 70 15 45 15 59 67 79 36 36 91 53 12 29 62 54 42 90 91 35
53 90 70 11 48 49 14 93 46 36 42 40 17 12 11 55 31 12 90 43 96 54 2 23 23 15 51 77 93 45 79 89 12 80 49 5 17 40 51 93 89 71 95 49 25 26 8 68 12
33 63 51 13 46 64 88 2 79 58 73 86 9 73 66 36 85 2 94 1 23 92 46 57 11 56 78 24 5 24 62 81 20 12 39 54 68 68 84 48 7 99 53 34 65 82 38 90 21 95
64 23 33 68 90 87 4 8 12 45 31 16 68 58 92 42 49 96 70 51 71 84 87 15 5 92 33 90 26 35 75 78 84 61 69 13 16 29 48 27 4 40 60 34 64 55 18 13 67 25 2
25 10 28 59 76 1 17 12 1 56 79 49 18 27 27 52 26 64 16 18 2 16 64 55 17 35 79 37 87 26 19 11 96 99 66 19 68 44 59 35 53 41 53 93 58 43 1 76 87 18 12 82
0 69 87 58 24 21 90 61 47 1 51 45 32 26 23 66 80 97 1 15 59 22 48 3 35 64 16 62 74 66 6 65 5 85 26 34 27 21 80 64 65 66 83 36 19 11 60 70 19 70 48 27 2
66 91 29 66 36 75 96 10 19 79 99 45 37 85 22 81 86 70 58 60 35 35 83 58 0 42 94 59 1 8 25 67 30 38 35 67 64 71 19 31 26 36 17 44 42 85 31 19 56 76 7 13 76 53
61 6 89 14 14 80 97 7 7 63 68 88 42 21 17 25 37 29 91 55 54 14 18 58 60 46 6 10 76 83 44 93 41 2 89 98 81 29 6 49 34 62 43 75 62 50 4 83 15 77 19 62 77 76 53
32 66 78 63 65 71 35 66 12 10 69 46 66 78 84 59 39 86 40 27 91 1 49 52 87 35 22 81 69 60 81 90 17 44 59 25 32 69 1 44 99 75 71 26 32 63 83 6 34 46 42 99 33 12 18 78
0 58 1 1 40 69 24 94 44 98 66 75 37 51 54 10 99 77 58 40 68 38 78 4 88 86 8 55 82 41 59 84 54 63 91 68 90 8 65 8 68 67 13 83 83 48 34 37 7 81 18 45 83 15 72 62 87
85 6 62 28 81 32 22 69 55 89 3 77 39 45 15 23 62 66 32 95 55 71 61 89 12 33 6 52 89 97 64 57 18 12 40 96 20 69 4 76 28 94 19 18 70 43 49 28 20 39 25 58 13 7 10 17 55 29
91 40 13 72 57 56 33 69 67 29 7 80 63 97 29 85 78 99 99 20 67 98 27 13 15 10 47 43 5 43 48 21 91 48 97 94 59 29 38 35 59 39 18 14 55 39 30 20 7 32 6 95 79 0 18 13 85 3 83
24 1 49 4 86 55 54 7 77 72 41 41 17 65 47 16 64 43 22 89 35 24 75 38 85 91 80 49 88 35 88 53 11 0 10 68 8 24 77 37 34 42 51 45 95 48 96 44 13 83 95 70 19 67 92 49 33 5 84 74
65 27 62 61 72 33 2 91 33 99 35 91 47 27 35 75 86 44 80 37 89 66 21 19 0 26 96 82 81 80 61 43 93 40 85 96 46 93 59 12 30 78 22 18 31 13 52 63 95 47 42 81 84 49 7 64 48 62 36 37 47
16 16 36 50 47 97 40 28 74 98 25 63 3 24 59 4 36 62 36 45 33 4 30 57 50 45 42 89 3 70 0 14 79 12 25 15 31 65 43 19 44 96 81 12 96 5 9 16 63 31 3 1 15 5 28 30 1 18 63 94 4 88
99 91 21 63 2 76 18 38 86 99 7 12 28 67 89 88 14 62 66 46 64 38 64 24 32 77 2 60 19 34 2 8 0 33 0 78 28 61 1 52 11 51 88 84 66 89 87 85 65 96 27 0 9 96 31 50 26 2 45 37 11 6 47
20 49 51 73 91 96 90 7 76 30 80 71 38 42 94 98 96 71 14 46 87 61 60 85 91 11 47 44 84 4 21 30 73 14 71 46 94 72 27 60 7 58 1 51 5 21 51 95 55 38 9 8 22 63 90 95 52 1 17 62 42 71 25 19
84 74 73 18 97 81 16 21 62 4 55 16 18 3 0 25 41 57 62 44 84 65 71 66 78 79 98 88 57 90 4 98 55 42 35 85 63 6 25 57 32 17 78 16 42 66 49 28 55 95 33 55 61 31 71 84 77 57 32 36 98 26 63 16 92
97 79 93 67 60 66 67 9 68 64 80 88 9 98 86 23 61 39 16 74 89 98 76 58 32 96 91 7 31 75 57 64 77 95 40 13 97 35 0 41 92 51 45 97 18 55 30 68 51 46 69 14 96 95 68 70 38 74 11 0 8 27 40 66 68 83
13 64 66 14 12 12 76 96 61 68 22 27 18 0 0 35 27 62 0 77 13 94 70 98 88 61 41 86 52 20 16 42 36 67 82 45 50 2 29 36 50 35 22 84 53 27 76 10 91 82 64 98 96 49 56 47 59 88 52 30 52 39 69 5 89 15 40
77 13 45 88 45 3 11 25 42 46 37 59 67 12 63 32 13 5 44 97 34 50 20 30 37 44 29 65 38 27 57 4 23 77 26 85 35 32 88 68 44 23 72 70 15 35 66 89 11 37 38 66 89 78 52 90 22 22 36 89 33 8 92 44 49 1 16 13
44 31 35 91 80 64 76 24 21 46 80 7 94 29 80 24 10 64 8 28 96 20 70 59 9 77 95 90 10 59 48 90 40 15 1 96 24 92 50 8 72 92 86 96 14 45 66 45 35 42 6 4 80 67 91 62 29 90 7 27 43 75 33 7 0 58 49 78 25
50 27 54 39 18 50 66 16 72 1 24 14 90 99 5 9 14 38 20 78 21 63 64 73 35 49 37 33 35 71 69 0 54 90 97 43 76 79 75 60 66 76 64 56 23 98 27 60 78 92 35 90 53 46 97 16 49 88 2 92 73 38 83 57 15 85 75 49 9 31
34 33 25 8 55 83 54 87 77 88 49 54 69 23 32 76 98 22 55 58 9 91 19 80 30 42 37 94 43 78 39 60 1 46 22 61 25 0 84 66 17 51 81 4 89 6 78 26 39 52 8 89 85 42 94 88 69 99 22 85 72 27 20 84 55 68 28 83 63 71 15
54 86 62 25 40 59 31 77 28 97 27 56 71 87 26 7 92 1 59 21 73 99 43 80 57 36 40 7 88 99 12 46 68 39 9 72 82 7 92 13 27 50 66 99 18 5 33 61 47 28 69 77 10 12 41 40 98 98 24 50 55 37 5 57 28 42 3 8 56 30 27 6
4 47 97 43 7 74 32 22 18 49 14 3 40 28 73 9 11 4 3 57 9 16 77 92 80 56 67 85 12 69 92 62 36 35 19 37 1 12 24 70 60 89 51 51 82 34 6 80 51 23 21 83 28 38 2 82 72 96 80 18 93 89 62 58 61 44 13 78 75 49 59 1 31
96
67
25 82
76 78 82
50 92 22 31
75 53 19 30 33
29 34 89 99 72 64
48 46 83 74 51 41 49
31 84 92 98 21 63 45 96
91 32 41 46 71 24 72 61 77
52 78 49 46 65 80 35 23 60 21
31 69 65 20 17 98 33 92 21 93 88
52 70 7 42 59 79 11 26 64 62 2 44
39 6 63 38 11 33 78 31 8 48 16 72 20
15 23 9 44 10 38 47 13 51 23 21 5 25 15
79 66 35 10 38 13 9 82 65 98 24 44 54 32 5
11 25 37 79 99 60 9 88 16 45 94 54 24 32 61 67
42 2 36 57 86 70 41 87 34 55 29 68 54 49 33 76 84
29 64 40 92 12 91 26 91 84 9 94 46 90 41 72 74 42 85
96 35 68 66 12 8 95 60 18 71 47 62 68 56 59 91 65 87 44
70 58 77 64 48 40 16 75 49 46 6 61 81 36 69 95 84 68 36 2
41 5 25 35 39 91 45 98 44 39 92 90 55 62 45 24 83 17 54 69 46
54 55 69 47 63 82 22 36 69 67 2 1 5 99 28 4 64 17 31 96 59 62
10 83 73 48 88 61 42 48 0 82 42 96 2 77 6 70 3 64 21 28 92 53 97
88 42 2 61 11 49 59 9 89 1 18 64 32 71 21 74 35 15 82 72 63 11 11 55
34 81 58 60 24 59 40 5 35 0 4 74 15 6 10 8 4 19 93 44 16 86 93 15 19
25 50 2 90 16 52 0 2 58 6 18 93 72 58 49 58 61 62 2 64 19 69 17 14 87 74
61 21 1 57 92 87 73 58 95 4 91 99 35 35 96 84 73 41 61 48 32 56 94 10 38 8 30
38 89 7 90 68 32 98 25 36 61 52 41 7 18 88 94 46 28 5 17 57 43 6 90 65 43 36 1
58 44 11 21 39 58 39 38 21 3 72 47 63 5 34 56 71 27 63 62 96 96 84 80 51 30 7 67 62
45 96 24 45 70 64 69 63 59 30 45 4 2 13 83 87 23 16 49 18 67 13 94 59 91 19 22 20 68 7
72 55 41 41 56 83 69 8 26 0 46 46 43 36 31 46 14 1 24 46 76 21 62 75 10 85 13 71 92 64 40
7 53 4 30 62 4 82 22 11 45 6 53 42 61 63 59 22 2 91 95 34 91 16 67 15 92 8 77 76 84 14 8
12 60 38 66 60 35 21 15 99 0 78 73 67 12 2 77 53 11 35 47 99 67 4 65 15 53 93 35 58 12 46 78 81
60 15 85 60 33 60 71 10 64 42 86 1 52 3 1 63 88 92 59 92 96 47 80 81 61 22 51 89 78 86 37 38 83 55
54 95 68 81 48 39 88 93 79 10 70 6 89 12 18 3 55 75 15 35 2 91 15 10 51 39 54 11 99 56 4 44 41 87 95
60 70 51 19 38 87 63 58 49 78 7 75 60 98 30 72 93 36 1 36 5 57 92 66 97 24 82 32 43 53 20 49 35 17 68 44
5 78 11 1 60 27 56 40 44 45 66 59 41 88 86 7 87 30 91 24 26 89 36 43 40 62 47 36 22 1 66 90 10 31 70 54 63
55 11 47 28 70 62 8 88 91 21 23 2 24 80 14 31 97 4 10 86 31 87 20 99 64 51 18 23 31 20 71 85 21 66 94 86 59 16
92 54 9 90 18 3 47 72 13 84 73 71 93 78 65 91 95 27 41 68 91 0 58 24 86 24 5 99 61 66 86 94 30 63 12 17 46 99 71
44 98 45 25 58 19 51 36 85 9 4 26 45 79 26 33 9 48 22 27 68 81 83 45 36 34 71 87 38 48 43 92 73 92 30 95 28 58 69 39
10 87 90 58 31 86 38 65 90 17 59 84 52 93 5 48 22 8 9 55 38 1 47 80 30 99 92 4 34 66 58 56 69 35 55 82 1 49 31 69 22
78 24 89 57 52 37 26 90 59 70 43 75 12 58 95 17 67 35 23 91 71 20 49 26 35 41 23 22 78 75 82 45 68 21 76 1 34 30 89 20 31 52
76 87 44 35 87 36 4 47 33 35 50 50 39 63 9 70 65 50 42 14 2 45 89 92 82 96 44 48 57 13 43 1 6 47 77 15 30 15 19 60 4 50 58
6 79 16 11 32 34 76 26 72 69 51 56 14 15 21 96 15 85 58 55 79 3 79 20 60 83 82 28 50 35 92 15 7 97 21 10 81 54 15 82 38 87 9 64
88 15 6 62 69 43 58 41 51 28 58 73 37 30 15 48 76 14 2 63 92 42 69 50 41 42 77 91 10 2 44 73 85 27 75 80 95 39 16 48 44 53 54 76 80
48 24 39 87 96 60 81 52 75 15 6 66 97 36 60 33 31 21 20 67 58 71 68 71 14 0 62 11 43 26 23 80 33 49 88 20 87 47 13 62 99 61 83 55 28 31
57 86 38 22 75 2 27 36 9 16 15 13 62 26 39 11 50 42 42 28 9 32 87 35 85 75 86 85 33 69 17 84 29 20 97 57 96 70 74 58 54 64 65 51 3 83 30
13 96 9 84 76 83 42 56 7 71 49 87 43 17 44 2 99 57 35 82 44 64 22 29 92 30 90 68 99 77 39 56 35 81 24 15 74 33 78 24 67 28 22 17 66 68 12 98
41 21 56 50 63 58 2 81 64 84 51 15 27 97 45 31 10 3 35 72 25 37 55 50 65 93 62 93 42 96 53 46 83 14 32 0 31 20 98 81 72 36 71 24 58 85 95 67 7
37 26 90 24 85 28 2 56 31 89 73 70 46 24 84 60 6 72 99 2 97 42 73 54 43 71 72 46 31 86 9 16 18 63 47 79 51 52 0 58 2 65 19 96 21 15 9 31 73 11
2 60 90 94 78 89 43 1 38 33 39 39 70 81 84 26 57 4 86 92 88 41 20 84 98 40 67 70 63 25 74 7 60 36 62 22 48 69 1 28 86 50 48 61 89 21 86 41 59 51 60
51 24 92 36 30 66 43 86 5 13 13 76 9 63 17 17 40 41 10 5 77 1 19 29 16 69 31 60 26 81 66 48 39 11 98 41 51 76 43 81 69 93 15 76 58 89 61 54 42 77 92 33
21 98 99 2 62 19 23 44 65 66 61 26 77 59 25 90 93 88 28 13 46 89 76 12 57 94 15 33 69 36 9 66 37 22 37 41 96 68 34 62 28 87 88 87 52 33 98 60 65 23 95 48 88
81 55 5 91 80 46 62 30 88 30 7 21 90 0 61 26 55 17 28 54 39 41 13 80 76 82 15 26 57 74 34 36 67 94 45 84 51 39 99 71 57 54 28 50 28 11 0 38 86 5 4 19 18 79
12 6 46 4 13 8 89 9 61 13 5 1 18 34 43 53 73 15 74 43 93 60 83 47 87 99 87 26 21 66 64 94 14 22 60 25 27 53 95 89 32 20 1 86 84 51 68 34 66 74 58 40 85 17 90
97 26 41 30 62 67 76 61 40 87 83 13 47 7 13 93 99 23 52 34 67 57 18 3 12 68 25 67 73 38 12 84 77 1 26 70 12 2 11 51 90 47 5 26 45 43 49 74 58 89 86 92 69 46 67 68
57 99 23 51 31 15 39 59 61 54 38 85 72 64 48 49 16 45 26 96 89 73 44 51 32 84 16 0 19 33 28 95 19 32 68 9 29 27 34 64 38 64 96 10 18 35 40 59 38 42 96 64 50 52 26 52 35
36 86 46 90 49 51 38 92 2 77 74 87 39 51 93 78 22 18 0 58 27 91 39 87 57 54 45 58 2 83 75 27 96 0 80 47 31 93 27 43 97 49 14 38 77 8 55 70 42 99 89 14 49 85 94 68 54 39
58 65 60 85 72 87 20 67 26 9 44 11 6 39 29 42 41 72 50 9 90 63 30 23 73 27 90 93 89 51 9 6 47 49 48 23 47 75 34 49 87 80 56 27 51 40 68 37 48 40 9 80 74 10 94 91 15 17 90
96 99 17 51 28 72 64 13 55 71 38 40 0 67 80 19 60 14 99 23 47 17 14 67 42 75 39 41 43 17 9 10 20 84 9 7 48 90 7 86 38 77 98 44 52 6 99 26 98 9 90 92 77 65 15 87 98 27 64 76
88 75 10 7 97 7 47 23 71 93 2 42 4 87 29 63 25 99 33 15 48 51 40 35 1 18 50 48 54 36 47 66 0 78 1 77 15 72 70 33 22 75 83 62 24 31 61 57 45 0 41 41 67 88 69 11 98 17 82 40 33
36 63 23 92 52 41 96 80 15 30 37 16 51 82 64 0 11 6 20 98 76 86 39 96 82 14 84 68 85 32 93 52 54 49 33 28 46 6 52 83 42 68 2 97 32 32 81 68 71 59 40 30 46 91 7 47 28 91 33 56 2 42
27 9 2 56 95 55 4 97 95 41 31 24 18 69 94 17 77 77 20 14 12 79 98 8 14 66 89 30 55 23 21 8 37 67 79 94 37 12 2 86 28 55 73 36 57 92 67 45 23 58 5 82 61 24 5 44 8 4 14 78 20 52 67
4 68 3 26 31 84 69 26 82 21 54 69 47 81 20 75 33 96 84 22 22 2 95 82 50 73 98 25 81 83 40 60 85 53 90 6 25 20 76 39 93 4 10 22 13 37 88 15 86 8 64 50 93 77 40 87 18 87 20 1 93 76 20 2
75 77 63 77 33 65 32 53 0 45 86 61 14 39 38 14 60 90 87 21 79 20 70 74 18 9 63 51 7 67 62 55 43 31 79 18 23 95 29 80 40 84 88 86 47 37 51 6 47 63 82 81 48 12 29 40 56 77 77 56 69 38 11 17 70
67 96 19 52 0 77 0 4 33 43 96 21 45 48 15 9 81 41 89 1 58 57 94 91 38 60 23 26 4 33 46 52 74 38 57 93 96 30 2 18 68 56 91 50 10 11 28 10 97 55 85 97 74 15 9 13 7 45 4 68 92 0 54 97 15 45
14 6 52 14 91 77 82 42 28 90 62 61 56 37 95 96 29 20 69 81 8 83 87 17 25 90 70 43 45 27 69 1 75 17 63 95 11 21 68 7 47 87 7 28 7 89 64 98 73 28 99 73 28 28 91 22 90 73 20 56 83 68 55 87 43 47 73
41 49 86 54 74 10 54 89 2 48 42 10 51 54 80 29 8 77 25 33 55 63 21 48 23 3 5 19 93 89 7 40 7 20 62 53 51 7 18 22 20 24 69 72 72 73 28 83 1 71 77 8 20 5 34 59 0 32 31 6 68 57 30 6 79 82 26 96
70 40 51 66 94 3 64 91 58 3 85 0 81 60 68 65 3 10 91 68 79 17 68 93 38 23 66 36 67 78 63 43 63 11 59 65 39 55 25 55 16 77 65 31 99 15 93 48 38 73 89 73 82 57 41 96 83 36 43 80 63 17 39 9 47 85 73 19 64
70 17 34 71 57 89 2 85 31 78 30 2 6 30 77 1 58 95 54 94 41 10 87 15 81 7 23 3 57 59 38 33 0 93 30 18 99 63 21 84 15 62 97 46 68 93 27 70 87 50 59 65 79 19 81 85 6 0 7 88 47 53 33 32 98 38 93 94 4 62
34 44 16 26 71 27 95 23 1 91 59 72 60 57 86 7 79 14 50 18 50 46 9 72 28 65 97 64 83 86 37 73 32 67 8 84 50 52 34 94 54 17 12 12 0 49 23 6 51 34 24 31 39 5 80 41 52 94 6 64 42 21 42 14 18 59 69 65 38 20 39
15 37 65 16 46 24 49 33 96 54 59 41 36 73 95 70 33 11 46 8 8 54 80 89 58 68 46 11 16 73 29 11 61 93 67 79 81 8 7 31 25 58 11 3 68 19 2 96 88 19 9 59 5 2 60 40 76 88 80 18 2 13 55 66 19 71 87 96 39 97 22 22
98 8 2 22 46 56 71 25 48 42 78 15 91 56 25 14 84 38 93 43 36 46 47 17 22 72 73 54 71 67 59 47 71 31 10 96 2 44 72 6 7 28 55 24 39 48 92 16 92 92 19 90 29 25 82 11 74 87 76 23 76 70 24 19 26 86 35 2 99 20 73 37 64
15 2 0 9 45 9 51 89 47 48 52 54 53 3 72 92 19 51 46 45 72 78 67 68 49 93 37 79 3 99 88 64 26 14 67 46 99 59 96 20 17 77 92 97 57 48 43 82 76 64 21 80 68 34 45 99 79 63 19 19 47 97 54 4 44 11 2 64 0 91 87 50 44 77
85 26 65 39 25 15 70 70 51 84 56 39 34 85 27 25 12 94 47 3 70 4 95 16 79 29 47 95 24 10 88 7 33 19 12 41 4 50 82 69 50 62 70 55 60 7 6 83 43 39 93 37 95 48 18 57 11 37 97 99 80 44 66 94 90 44 27 92 90 71 51 0 30 73 66
55 22 6 72 56 26 47 5 92 11 76 98 11 3 89 12 25 92 74 67 61 80 99 68 99 67 22 20 69 59 50 38 59 77 80 54 77 87 12 37 92 57 44 56 91 46 54 71 48 26 23 60 44 82 18 76 24 5 59 33 18 18 62 19 32 15 6 5 65 32 95 95 4 12 9 21
52 83 94 44 72 88 71 22 38 41 17 10 78 16 64 67 21 14 71 59 27 81 38 7 51 90 87 9 0 64 46 26 86 29 33 51 77 14 49 11 82 9 33 36 37 6 99 75 91 76 86 64 75 74 61 43 73 95 61 74 28 23 72 37 50 65 52 33 20 47 50 42 62 8 3 36 30
17 90 47 83 44 66 65 25 80 76 8 30 18 49 42 94 61 61 19 56 91 80 27 51 46 87 59 8 84 6 36 76 71 64 55 35 87 44 55 82 62 17 23 45 99 77 82 83 17 10 63 84 29 8 53 5 85 82 74 70 8 44 74 14 89 84 34 64 63 86 76 72 64 14 81 74 21 19
47 68 83 72 85 73 85 62 16 62 24 22 59 12 44 52 5 18 20 9 64 65 16 75 25 58 85 64 50 48 97 81 80 72 89 44 32 90 16 36 42 32 37 42 3 52 86 58 61 77 69 90 76 31 66 94 37 81 5 91 87 61 3 28 7 13 13 32 38 9 4 5 73 22 94 88 92 69 76
76 79 19 9 74 73 97 29 83 85 35 23 1 60 39 50 3 65 28 99 41 32 62 28 46 98 47 11 53 22 12 32 75 70 38 5 27 15 0 34 57 17 32 39 22 55 61 14 88 32 70 99 30 23 37 54 30 37 3 49 43 5 14 91 95 48 59 9 83 2 76 71 5 24 85 60 9 16 57 55
74 76 47 59 23 39 26 33 83 8 71 65 3 35 35 36 74 29 10 22 75 4 72 83 8 30 58 34 18 86 73 46 3 23 98 25 81 84 73 9 37 42 97 5 68 87 27 42 37 69 40 6 16 81 30 15 98 16 43 62 90 47 56 67 61 27 98 63 46 19 39 59 4 23 44 51 31 2 66 55 12
17 41 86 54 93 43 40 32 27 16 8 12 98 75 81 87 13 44 92 61 95 71 53 32 68 28 55 2 7 48 62 78 75 73 39 16 53 0 14 10 90 58 33 92 68 48 83 93 42 35 83 95 72 10 51 50 33 64 54 42 50 42 28 95 43 14 16 14 52 19 41 49 33 41 36 88 96 74 47 53 41 92
77 94 20 38 76 91 47 83 32 48 72 25 85 66 18 93 77 35 65 90 66 83 65 99 41 40 84 25 72 13 51 55 66 15 53 68 96 66 25 79 54 13 63 87 95 53 51 3 28 1 15 12 89 1 56 77 89 33 81 14 28 45 78 74 2 65 6 11 68 58 35 7 79 97 48 33 74 96 12 52 53 27 7
98 43 31 44 87 35 45 8 84 18 80 67 23 68 47 53 50 92 83 65 9 93 73 19 30 79 76 95 63 81 14 85 56 99 20 46 37 43 56 99 3 18 18 95 5 63 65 8 59 77 3 58 43 60 37 75 28 9 92 45 18 56 86 46 55 77 61 0 14 15 6 88 78 51 41 80 52 44 8 81 23 93 27 60
30 29 14 1 76 11 7 78 59 69 70 20 28 39 0 91 25 30 63 88 18 73 48 86 94 11 29 58 69 61 94 37 79 53 99 91 9 14 10 53 20 90 38 96 49 42 47 87 96 80 96 20 59 32 6 15 98 57 93 14 2 35 21 3 35 62 66 4 0 53 6 72 56 20 40 79 22 27 17 77 40 19 92 52 19
61 30 11 88 92 77 79 77 9 17 69 8 30 7 61 26 66 21 88 38 4 83 5 65 41 0 0 6 86 74 27 43 11 43 63 21 73 56 97 18 9 36 79 93 44 47 45 89 20 89 59 53 17 95 59 98 35 1 7 45 74 65 80 2 92 72 42 43 58 61 26 66 81 26 14 5 36 46 4 37 63 11 14 52 43 76
30 17 82 42 30 32 19 77 3 97 48 6 46 59 2 69 31 85 80 34 79 10 23 50 27 20 96 14 60 19 56 64 8 4 70 92 81 13 24 26 12 40 4 43 99 47 82 39 66 68 22 99 6 37 11 81 15 21 41 94 82 70 55 47 40 16 71 11 25 11 79 77 4 98 91 48 16 73 13 90 15 96 3 77 60 82 83
84 12 25 32 83 83 57 97 87 33 94 47 73 52 39 3 50 68 47 0 56 53 63 43 35 95 2 80 14 64 19 82 78 8 30 24 25 58 52 30 47 22 96 90 28 39 36 45 52 40 27 71 79 24 80 82 9 84 62 25 2 80 97 52 17 74 8 57 56 53 28 24 99 81 78 77 56 88 80 9 61 0 74 35 41 24 96 99
80 4 53 7 83 24 99 94 5 96 62 7 3 23 28 22 93 30 16 34 20 29 94 87 6 73 18 8 98 37 68 11 75 71 58 28 6 1 12 26 11 3 47 82 43 16 23 1 81 63 49 4 67 45 73 8 70 67 82 14 67 70 48 19 24 24 2 4 91 39 97 69 45 52 6 25 56 67 73 86 39 33 44 87 29 98 83 42 88
7 8 97 94 31 65 86 4 58 93 49 69 44 25 44 53 14 15 63 13 41 9 87 15 47 11 99 65 41 65 22 32 47 40 9 44 68 21 72 57 19 11 95 94 60 49 11 58 64 23 55 63 57 55 7 87 4 37 21 93 99 56 95 51 86 21 11 39 58 17 93 62 44 28 12 92 57 59 16 83 84 93 11 53 17 73 45 11 4 8
91 11 91 18 59 45 51 17 52 38 86 60 43 74 3 12 72 38 42 3 84 57 8 86 6 73 15 0 72 98 24 42 89 89 34 56 54 4 3 31 40 29 88 46 6 82 21 58 58 78 66 26 44 35 68 54 77 64 70 47 26 13 44 84 67 1 18 23 16 22 83 97 18 55 27 49 85 8 44 45 21 25 79 55 27 8 90 71 40 50 85
26 9 45 56 11 22 32 14 13 19 92 43 54 66 98 39 43 3 56 9 76 99 56 16 65 93 98 9 78 76 55 3 46 1 28 90 17 52 6 27 50 72 75 30 94 55 59 23 98 87 49 76 56 46 25 89 61 5 55 27 49 75 17 6 25 59 8 13 24 19 11 86 11 73 26 89 45 93 20 0 80 50 24 75 68 48 49 15 96 5 49 18
47 83 47 78 72 43 66 92 61 50 61 68 26 67 54 30 13 42 49 47 85 82 26 43 41 30 12 66 91 96 50 96 74 38 73 58 45 21 53 95 44 54 26 99 11 72 86 2 65 15 69 43 28 17 59 74 83 67 72 56 0 42 22 61 27 36 91 44 28 19 70 28 65 0 2 48 8 60 63 91 35 72 44 95 3 90 13 43 57 96 18 14 85
12 37 96 76 87 36 19 67 75 50 22 14 99 85 64 85 1 95 93 11 82 94 3 68 23 35 88 79 70 87 16 34 45 81 53 49 60 55 93 6 97 44 16 60 50 21 95 71 24 82 37 90 40 32 57 50 49 58 97 95 97 98 19 75 91 41 29 6 74 73 10 49 95 21 47 17 34 57 87 29 58 65 9 54 72 90 67 53 18 90 51 7 28 73
8 66 75 2 32 76 98 64 59 50 7 90 44 96 39 97 96 87 26 13 13 53 53 49 63 66 36 3 27 71 13 57 46 34 97 59 79 47 70 66 1 93 12 84 36 84 92 65 89 98 37 24 94 34 15 6 27 5 71 90 43 76 70 21 26 85 26 53 46 57 45 99 12 21 44 95 62 18 54 66 11 33 96 20 13 84 87 96 94 31 73 59 81 36 78
7 76 73 5 77 62 12 40 22 25 34 59 30 55 33 33 48 46 93 60 2 80 94 47 43 84 32 97 82 65 42 98 97 90 13 0 42 52 55 47 96 11 44 5 86 31 54 7 12 98 4 25 92 8 90 51 79 47 57 74 63 75 56 31 53 70 87 46 97 84 41 37 20 19 42 30 45 53 77 13 47 33 86 54 10 66 83 76 12 60 34 30 26 70 36 31
42
69
72 24
56 41 4
18 74 72 24
1 66 51 70 6
11 64 90 92 37 73
33 66 7 87 35 23 94
26 26 79 1 49 45 43 37
90 92 94 59 9 33 88 82 61
19 64 91 30 88 98 69 52 68 72
48 12 95 26 55 63 14 85 81 2 81
31 23 45 66 16 9 5 30 7 99 5 80
49 99 64 21 76 28 4 21 66 26 58 55 48
93 92 79 58 13 6 63 90 82 29 78 6 16 59
80 4 88 25 96 29 68 9 13 93 89 62 92 31 39
66 31 78 46 11 34 28 20 31 26 5 16 89 43 29 28
85 63 91 12 30 35 17 59 33 20 4 11 81 95 23 23 82
51 56 59 54 5 80 7 37 46 25 32 35 4 0 79 19 59 28
24 3 23 38 17 95 26 63 26 38 46 53 79 76 90 96 62 96 81
18 5 49 60 76 27 94 65 79 93 56 99 48 94 44 0 48 46 77 94
73 17 5 7 74 24 92 69 77 91 24 77 59 2 42 10 6 75 57 45 86
35 45 93 32 44 47 99 12 54 50 12 34 7 86 86 85 20 76 14 20 76 3
84 35 26 28 31 66 60 44 0 58 82 17 93 36 53 30 71 32 79 38 78 26 0
8 29 85 64 82 70 61 8 42 69 45 64 8 49 51 65 16 96 4 14 65 24 5 8
25 86 45 22 14 20 53 8 83 52 67 43 44 35 13 40 88 58 55 59 52 38 75 90 82
50 36 56 15 51 61 2 16 52 95 63 71 88 75 28 57 76 92 23 20 45 82 57 51 97 30
65 99 56 17 30 94 49 12 89 99 94 39 20 20 47 76 85 59 19 20 54 70 96 8 27 98 52
37 72 20 8 63 80 17 9 74 2 45 4 62 86 32 42 17 63 89 85 89 50 30 46 85 67 25 59
8 63 84 81 50 6 2 63 54 54 60 71 52 36 3 26 38 5 63 31 24 16 52 70 27 11 8 29 62
56 33 33 10 27 24 74 21 18 40 69 5 61 61 29 86 76 5 30 2 61 50 42 79 41 93 53 75 28 89
92 63 17 93 8 10 14 7 95 23 54 89 48 73 19 8 42 49 84 63 3 49 11 10 11 12 53 17 64 11 10
58 35 49 8 99 47 99 83 17 82 56 17 51 27 36 51 98 97 86 41 6 60 59 48 34 80 18 75 36 51 43 89
49 62 45 99 21 10 24 81 51 35 85 79 85 60 39 52 13 38 21 40 68 96 52 13 29 63 86 28 3 0 84 27 6
54 14 36 77 63 2 77 34 39 47 1 88 95 91 86 34 38 2 65 2 64 82 55 2 96 80 52 64 55 84 25 10 34 49
29 22 17 48 87 90 78 70 23 35 23 17 43 50 84 48 80 65 89 3 82 26 99 68 80 5 53 96 95 10 61 55 16 59 59
30 75 82 81 89 96 32 94 63 23 70 88 78 34 77 38 27 13 84 3 59 64 8 68 70 75 84 10 27 97 70 58 52 10 25 94
56 89 17 63 74 13 56 33 55 90 56 98 8 86 0 75 62 23 6 34 25 93 31 2 32 79 55 68 83 82 53 65 92 94 15 5 24
51 54 58 47 92 34 76 82 57 31 4 87 15 98 68 22 23 41 52 89 92 42 19 23 91 32 98 18 83 95 48 30 40 61 49 58 42 1
83 79 65 69 92 57 38 83 61 20 33 16 81 48 94 65 22 86 85 2 46 96 25 11 79 80 40 85 11 82 49 99 17 89 51 39 17 54 38
48 45 4 54 40 11 47 66 52 99 40 80 13 62 24 41 27 36 34 62 94 14 99 76 54 54 36 86 97 10 48 22 71 58 46 74 44 11 14 88
78 43 13 64 85 68 11 3 83 21 41 56 92 90 76 65 27 3 6 40 73 99 19 70 14 61 41 86 6 98 0 98 89 14 23 70 39 17 27 62 20
16 92 15 16 91 36 24 97 4 73 67 84 78 0 77 77 1 15 76 46 17 6 6 59 65 29 39 10 96 59 68 45 66 37 3 92 45 3 40 16 23 33
