2654
6012
4425
1638
934
6483
4704
1976
4585
1351
1465
1271
5554
6829
6595
1930
1385
1732
4927
5832
4475
3434
606
240
1635
7256
5343
2970
4261
1612
4110
5378
1138
3039
1089
6465
540
6368
2759
3419
3124
1220
2257
4900
1313
5144
5446
5702
3298
304
1774
6928
5779
6351
6022
1108
5474
6983
2725
2086
5769
6610
493
6403
1900
5409
134
4816
2017
5627
4272
6209
5814
5676
7050
378
3018
307
5224
3634
61
3556
4275
3550
5557
5103
2373
1055
5083
7278
7144
460
2025
6430
5516
248
5038
2101
3811
4308
6129
4124
4568
341
3931
1900
6744
2618
3301
203
4012
2469
4683
6327
5835
296
6979
5090
5729
2755
3326
2454
5603
1881
6891
6977
3980
159
6230
810
6713
2667
2606
3108
1983
99
851
437
5394
333
5028
5363
5429
1390
5859
5484
148
3401
3946
4140
3339
1803
5539
2863
6756
4250
2171
5645
780
1639
620
5464
3519
2333
4432
5637
5841
5336
1085
1774
822
752
2020
4929
91
6367
5457
6691
531
413
5289
4422
5854
149
4818
728
404
3897
1602
7185
2278
3973
4991
528
5053
1124
6321
3220
7260
2416
3635
6553
3380
3362
4800
180
5912
6343
498
3058
3533
3088
6819
1377
235
95
3359
7179
6081
2646
3817
1478
2634
1070
782
280
7100
6070
3431
7241
4855
2487
1728
3231
1645
7157
2078
2467
5430
844
3265
3346
5773
4352
3530
5929
3112
2277
5164
1596
6806
2788
5372
2614
6710
4423
3068
4387
5324
651
2191
4890
5254
353
4673
5616
7318
4357
6099
515
5578
3265
3078
1698
5010
2363
7019
5787
4389
1361
4297
2961
2044
2021
331
4791
576
3669
254
7250
7390
6639
6380
4338
6591
3442
112
5819
1409
5325
5723
4304
1278
6584
4318
1526
3911
6696
6271
5606
278
4929
5954
6288
1534
4538
7181
6486
3584
2017
134
4783
773
515
1509
4726
6376
7035
4007
3069
4436
690
6952
3415
5665
5883
2803
3598
6252
6686
6477
7164
6459
1329
1544
465
167
6584
6464
4017
6555
4554
4145
782
3534
2380
3292
246
5539
810
5570
3587
2312
5961
3409
4884
2015
1832
3842
70
5465
5311
1247
6839
6088
6756
6909
2625
2367
731
5485
3470
6201
1246
3561
5924
4534
424
690
1057
7043
2877
901
382
6980
2481
574
3096
4586
1430
2778
2048
6297
457
5548
1861
2698
2704
2082
4711
1022
674
5457
6308
4634
3068
1880
6028
5394
7177
5074
2410
3796
2755
5111
1170
2937
3301
3498
6737
243
3258
4703
3540
4605
2863
1953
1248
2827
1649
5398
468
4399
4819
1894
4733
3829
5090
5351
4124
5137
3963
6517
4380
4656
524
5038
517
6493
4745
622
3871
4101
979
871
4278
2523
3098
3153
6537
1395
3428
4004
3558
5659
2810
251
6801
3763
4250
4778
4213
6209
1315
3233
6935
5437
6327
5622
1601
1202
889
691
3003
700
191
6065
1237
1256
5049
1072
1587
5838
282
5960
2195
4706
2111
1984
5420
5445
90
852
3522
760
5938
6702
1262
3132
1156
4255
1293
967
523
7476
2859
6487
5579
1244
668
1546
4434
16
4075
110
4935
3773
4681
4788
2197
6367
4495
744
4265
4837
5051
1787
22
5428
5676
835
5657
3525
4362
4562
5882
3598
5010
2315
4923
1026
2204
5142
216
24
5222
6019
460
7087
5535
3320
1952
5918
992
1869
1655
5174
4323
7197
4707
368
3871
3547
3596
5633
612
4977
4174
2020
89
5543
5433
6856
2086
4184
1487
1621
2192
2107
1196
2984
557
4243
5560
3294
5447
5813
2697
1705
2233
6932
5548
374
5189
1704
6121
5004
878
1323
5048
5969
1002
1022
6989
1052
4472
4762
1228
4617
4470
5289
5505
3922
6528
6818
5620
278
2640
7120
4393
4684
5767
1702
5086
4810
7175
782
7158
3591
246
3767
2935
1555
5301
4200
1206
1890
7095
6039
776
1470
5378
4083
2778
5431
140
5182
3749
4815
3157
6846
3637
6929
4502
110
5235
372
1164
109
7327
4436
5254
4882
1083
7270
4245
5958
2801
2195
5987
3703
4924
5954
3800
5595
1360
6794
353
5727
4594
322
894
4640
952
7046
4224
3432
680
3720
3561
1544
1680
485
3592
2455
1557
360
6328
257
7216
7157
2825
2229
2836
2189
2248
50
2389
585
1953
3148
2312
6788
5098
1766
1518
6174
5660
5292
5584
5859
3294
1363
5242
2719
4090
7339
2774
6920
4499
4883
6616
4790
3442
3537
3970
6673
4330
5783
1022
665
1753
1927
1292
6344
3996
236
6556
2366
3396
1169
2367
2299
4899
4488
636
4874
986
6576
1999
2310
7032
398
2223
2838
3150
4390
122
5314
6657
3430
6778
6564
4300
3966
3800
6689
2199
5447
5060
1852
2422
666
292
3355
4097
3973
3207
4123
3490
1345
2810
1065
489
3747
3314
1762
4062
748
5726
6549
4336
4073
426
5604
5330
204
5699
5062
3019
7119
6941
4501
5448
5948
2591
4228
3390
2824
5812
6464
1447
752
142
6018
3297
5979
3856
3404
538
4403
4897
1256
3797
6931
4962
5086
2605
3507
785
2401
462
6039
3950
374
7
6838
2957
3062
1301
2078
4254
4712
3675
298
789
6245
1072
5255
3765
2858
4611
4285
2915
4936
6848
1310
2463
1762
189
2590
4760
3485
6305
1564
3581
5556
6741
5938
4609
2298
253
6132
6359
3384
5074
2895
3959
415
1116
2806
4866
1818
7162
3696
3280
3470
5957
5473
1284
350
5325
3470
4799
2323
5961
2387
2790
4257
1450
865
5732
1400
7191
4285
3896
4269
53
3107
4335
831
2970
1139
6709
3881
1785
4884
81
4077
237
6893
3224
6903
6540
5508
4319
3797
2482
3084
3424
1881
593
192
6727
5127
4011
1558
7451
5523
6725
945
3083
5093
1171
6353
3985
3744
6927
1828
2039
4966
6691
997
7002
3880
6778
136
2339
1190
2101
6459
399
2657
2003
4039
1735
6992
6440
3991
1778
