49
1069
45561
212340
6778
1045
3371883
220468
3087
6459030
638
400638
5438338
503
229
4529830
1785018
2586090
1398046
5485
21949
819285
299014
180282
2871
471960
1177
156751
4364608
30898
36216
3857879
320510
473532
24963193
211166
4066
26920
13952565
3166430
3015
268118
347113
1163436
395366
8875834
4386
2710
1120095
149667
71129
237603
1771140
454390
84598
1587784
2588021
2443930
2275904
9117363
3659807
49622
89144
1
1001407
401777
865035
49
392979
147264
166222
1829624
11899049
0
11179179
4489187
4767993
125884
8341
134426
1997291
12032
47541
3508825
3580230
15906
2517815
268898
657682
6645837
443533
44304
1164204
221820
5003581
88882
633546
9229046
3921
337
