20
95658191 9999991 1 9999991 9999989 259999767 659999403 989998912 909999000
991127410199121019 123456 557 9988776 1025 39955758 719192622 152456585 350827775
299896237124947938 681206 164538 2280874 981991 416793690 904023823 813682336 774801135
70413132 123 1 10000000 10000000 20000001 190000000 90000001 360000002
974487874647179085 9999991 1 9999991 9999989 159999857 819999260 89999902 69999923
918495108443110920 9999991 1 9999991 9999989 849999236 589999466 309999660 169999814
1175334 9999987 1 10000000 999999 430000001 979999998 673999327 450999558
543891101326393011 2399842 2681913 3762239 7443017 520101360 433901517 275677792 766417656
499587295797208700 3469541 1730417 5070929 1825598 855537260 882995491 898204830 34203727
982749972374309079 999999 12347 9699690 9748872 698378649 601383688 389954903 155982009
47024811 9999991 1 9999991 9999989 729999344 309999719 789999132 309999659
1606423995 9999909 9999991 9999949 10000000 499997451 929995254 810000001 970000002
1558749102 1 10000000 10000000 10000000 30000001 780000000 660000001 389999998
81834165 9999991 1 9999991 9999989 389999650 169999844 799999121 149999837
567365141997043401 3960606 1985068 4125828 5630794 76825921 901167353 889742167 772908548
905104693315080537 9999909 9999991 9999949 10000000 649996686 729996274 470000001 920000002
1567487689 9 123456 18 10000000 865981936 625209438 350000324 390000765
86974256 123456 557 9988776 1025 729181302 409540566 403985 491394225
3 1 3 3 3 1 0 1 1
1708396388 999999 12347 9699690 9748872 727477719 669281518 799407527 906645153
