55 1
235 1
62 1
6620 2
12 1
6225 2
6437 2
9752 2
152 1
43 1
227 1
4106 2
2 1
3266 2
64 2
75 1
299 1
666 1
134 1
176 1
129 1
38 1
755 1
19 1
132 1
431 1
4 1
3223 2
2879 2
117 1
6004 2
270 1
20 1
12 1
117 1
364 1
149 1
174 1
23 1
307 1
33 1
820 1
141 1
2 1
33 1
297 1
500 1
677 1
64 1
5816 2
30 1
342 1
4130 1
95 1
529 1
172 1
192 1
667 1
4494 2
36 1
2 1
5 1
74 1
284 1
9818 2
310 1
653 1
78 1
63 1
3235 2
942 2
148 1
3307 1
416 1
722 1
229 1
89 1
537 1
749 1
144 1
472 1
10 1
103 1
124 1
8074 2
159 1
125 1
426 1
51 2
275 1
9271 2
422 1
6 1
1787 1
59 1
245 1
64 1
231 1
267 1
239 1
