1
1
69755956
990310647
681823504
0
484564471
627781059
445194048
936695596
496959123
938483296
570608177
431595273
465817079
471585636
725083288
755588070
99054923
75666232
694251967
12955437
992648062
595872183
327199975
503761185
150000248
952213947
467516575
990809693
873737027
362436072
793050677
786581521
171055998
464585650
732176044
411006358
524738254
184946134
654699793
842436657
459391983
628006978
824285194
882485372
759664828
154797948
26620062
693630910
270368564
305525386
642088861
621119894
284026755
102847025
888382264
203058719
441390156
165314218
302768771
150564840
815809077
930933106
785509025
109212471
739713754
908830050
695581047
857004086
483635761
2
572656589
3125012
177040443
965091845
864351592
445226019
968454550
137014011
222985932
958362794
838379378
409133072
506367394
390246653
781468583
688598500
130151683
320003869
83060531
514664663
462188157
959417852
320111595
112974411
378412100
182303199
833441984
890528309
959321247
136711365
104555642
342591752
93170217
130324698
136538465
508393101
734550574
726056243
865400276
168089485
849666906
112305470
749417348
363728864
589145299
684232251
352960529
62113478
993742408
237136071
211699003
438480327
1814400
257037368
887033778
273816942
399715965
991414301
464037265
891711488
805642241
528120182
59824828
309824346
219328031
720488044
389687464
768741477
595166833
738648259
81411973
660162374
300683486
731700945
41854059
465780503
71235853
974988669
736003629
349638122
461187478
408212710
664684974
146646595
711806869
661151506
175287935
219199448
457582839
996469989
426509500
2
881776918
917916575
590378331
18627598
273199364
452292530
556959849
428333670
862659500
57669687
711160347
726075759
185403084
246476468
602196379
959165670
337123084
256468561
143298823
951471749
798421519
801320322
838641846
885360127
42483814
614726610
277991412
434735755
153495742
567929433
653027508
115683201
778658157
998234998
333229222
181319334
502089652
988230224
466776670
873158903
635357386
293408897
569145716
658199265
931870892
445986491
684742611
368974849
61468402
497190625
693993485
53248068
557488764
329509758
60061565
40320
550828197
890436418
359472157
74043743
189082248
101107675
908958026
247892211
572470948
663488131
456371175
360066599
297386698
442099105
192476324
365752253
137886923
168957621
566651209
395040613
69262673
961985698
721739314
798294204
668439906
441758916
1
957398055
270132168
254226146
75010906
876786102
595351154
959823252
925959953
766844184
222906613
700330084
917078652
795657166
800887341
849339725
439907299
832301183
587185287
163590919
578086424
568127883
264361489
800899052
94772656
459294859
61286346
563258830
232108850
436083292
587046804
96252220
96219833
244256975
691715759
328816300
712589894
433345529
737526036
78089849
708787733
446377664
383996923
369850024
785510346
880913542
497615228
77350065
459183326
25465420
178539310
350907503
365885733
11894258
647368429
458807986
852138110
533069596
444664541
85383436
53795910
656909926
690673976
236297038
63863964
355451312
784312275
872932259
883344410
41473374
83470834
383637891
119142731
448821313
580570051
308351416
360
933420811
216874441
652185101
891089732
107591820
519593391
855247827
390485712
898566671
216472378
24
220773480
935776876
3328575
466077887
897970519
780982175
684417168
352239958
263032553
50989609
773674993
62884144
542216545
887581202
741719733
381569081
302256687
926536272
320420269
970496794
65148097
746903370
410561827
206813283
481013569
217885861
864700119
612690844
159775991
133355577
208538345
423755774
668932375
803266340
207061515
169731340
698622263
777769471
520605463
65998108
921804119
914625034
99379693
813266766
498583479
959722192
35530308
426609456
870242206
787416806
725340481
621620901
968810053
358830798
224121868
340372893
216472378
442299704
907808723
34687668
829792424
809996143
71044361
716231121
720027671
486905983
456156998
248596455
382456454
471760979
262825497
858846917
824035954
953277641
37298046
479312698
830140088
33281084
206592585
705403297
453982374
606421813
672448183
850166219
783334427
420200507
434002226
349351961
379086690
199295007
228553036
782750766
455366414
213179165
300669142
247508674
947362078
0
28461149
639812858
578279790
72657205
377481414
528035286
555091552
479001600
598864251
860645801
435528412
308004448
739736565
430884824
460105191
941442631
777502278
139560112
234337088
77478271
973317929
37836793
189526470
853408377
142145002
884282994
242646636
169711857
278215342
629395633
911241064
108141711
633717223
963459342
34317432
401719168
484734402
607451362
778511117
618259214
228032138
515631671
888815498
275533523
67166113
876187235
814127983
401182279
261219244
220244457
896025204
956421804
445900416
967152988
582690981
494589116
92186960
753247217
140199616
904059734
79765234
6
867163000
776606891
136287961
983211930
41916239
760133082
