1
1
271889661
202973392
289700431
765944812
932194237
627781059
217177609
936695596
496959123
201665975
570608177
775631059
978470949
852235919
725083288
518722891
116267299
770460555
694251967
398525202
992648062
110023261
291765402
211972352
312298872
686485580
835907790
468034061
822429090
746904229
123580626
786581521
908705588
464585650
82189242
482793410
211757950
419947634
200410612
219734610
297329150
58570145
824285194
305438708
500333905
919219303
26620062
868778750
645869530
266472866
642088861
238206156
409240125
102847025
33284056
873592171
435007017
487619317
771863028
775505712
815809077
930933106
226205688
109212471
457581197
589324861
748381023
29302253
866790351
2
620220080
329509472
177040443
307642259
570322684
168346547
968454550
714892962
38924785
458231692
838379378
322688134
506367394
390246653
410501657
123348609
639492281
119983820
718993202
514664663
969118948
339336676
188705462
533724821
378412100
170109357
795987732
890528309
698439179
636791384
158548366
167699054
93170217
315235218
136538465
508393101
985337615
639526619
865400276
931772443
271733092
516662360
181351649
597426151
589145299
684232251
352960529
62113478
993742408
237136071
998438076
438480327
1814400
957683259
134610533
312999172
399715965
8410681
853906774
971529792
9629828
951423735
180864314
309824346
655947900
720488044
389687464
418855737
595166833
604000522
138894124
341800016
300683486
731700945
41854059
852101101
71235853
974988669
939103612
349638122
631849457
872638625
907197205
146646595
83421972
549928841
605120457
867694053
572655781
996469989
426509500
2
151117131
626590039
432105298
60382614
437035708
452292530
556959849
78120411
787312687
57669687
2064920
726075759
670832565
304156638
602196379
959165670
290055535
288366380
494987738
810716259
798421519
801320322
838641846
13405392
42483814
870219186
202062317
405340714
153495742
602235397
9626524
544443132
778658157
998234998
604902418
610665270
887111964
988230224
466776670
873158903
800298493
156879318
134168799
658199265
936170996
445986491
163988412
109899129
255309927
603337644
693993485
53248068
599260735
604186739
28088247
40320
713980799
430703522
360637704
119563095
506703236
101107675
382016755
667057758
367570649
142144693
650276100
622905304
297386698
442099105
918629017
3847972
352958058
273601929
566651209
26840531
883752626
961985698
944644970
798294204
166318217
651394085
1
933901660
826007645
519858351
75010906
876786102
595351154
959823252
438065801
766844184
509890780
700330084
498621589
795657166
800887341
849339725
439907299
212203910
587185287
764860433
578086424
864375846
353462496
741918627
690382326
459294859
991503655
563258830
801358446
521478893
50952021
729620976
96219833
999923022
691715759
554145387
756968569
388424059
737526036
981206882
712564556
513663984
383996923
434134985
377177268
802623596
918132313
77350065
257259608
287527444
178539310
350907503
466446804
552818796
647368429
739303781
928990411
925544508
444664541
85383436
53795910
553760125
422981158
842512223
48944246
355451312
90347597
204838403
278119316
73096215
83470834
236913839
362682092
328728917
246217790
332186241
360
757270821
216874441
973074415
640872817
107591820
691772029
855247827
390485712
898566671
216472378
24
220773480
286446291
175240278
990267599
839713564
789141121
684417168
773371848
507705085
908166713
773674993
833515347
542216545
33161786
89633606
376797600
54774765
926536272
15262325
970496794
125358038
213828482
13372230
843963729
643731668
719772542
655842538
959673052
558964187
989953611
208538345
361704827
143983240
632530591
207061515
70788842
698622263
806391853
520605463
751485915
65960519
930884800
917169957
285734021
249863065
517650047
35530308
823384974
22177433
325253435
821860326
671505211
591890711
358830798
565557336
818800244
216472378
972382649
88856238
998389776
829792424
809996143
149791269
716231121
773020607
861149520
62890463
126096292
48707303
471760979
262825497
70698207
824035954
953277641
283373937
235675202
487544893
961609199
699755227
657773098
209712232
917789311
672448183
218651599
533768616
579039156
596329207
725364741
379086690
530358179
228553036
291290882
701977878
723835503
814258562
247508674
272229464
282372162
28461149
386254372
711609820
382683529
377481414
291796719
555091552
479001600
598864251
808470592
435528412
210349955
739736565
20678558
258523399
283872027
632992727
139560112
173073175
991228896
911340532
37836793
534830836
844939977
876056901
884282994
832522587
799309669
278215342
528298276
911241064
147378971
999290292
158518914
651096821
815482792
720061512
443146853
778511117
618259214
850459140
515631671
546410553
911532050
238414787
75656837
802598573
154864886
567390996
279841383
896025204
704273805
445900416
967152988
582690981
911450672
942682835
854338441
140199616
708161004
79765234
6
120280929
752281831
136287961
983211930
724266004
760133082
