937037046
755610640
383467100
265818180
674912782
917908644
118491032
550227620
255087834
409626399
805332755
897877448
947954513
890908984
733542471
63885538
19563919
608530333
955868810
822583882
732295715
216650499
808559134
881404421
248453912
113130751
406724728
424366330
459651232
285702441
726845792
230315223
449132019
746293318
109615947
400873019
794572653
20600772
277545776
676473323
840426212
79854900
239388116
164622231
2
901620230
429653705
553068603
887480023
866184135
770997013
26897955
385003643
614483349
689798908
636168426
588491633
435125356
430367280
140033001
817994150
31561826
292899963
520441793
142771491
238938936
199312801
125227520
214384526
399411869
780806338
551717080
778900696
349354037
742177385
225350871
267910614
79623029
399375274
375557267
98072396
421175122
13901888
337380662
334864678
963518733
647511958
883225471
445309042
341759073
959451280
578312833
787301442
59013481
265586600
543412402
631345790
342477111
633698837
592283976
549667671
830330124
293808691
246746207
329012345
14979208
758462207
529766036
348524554
309158720
854830236
692932590
782669380
993481059
855492437
772669792
416323537
718738881
23362416
540109645
18171779
284737831
456701928
494784258
697435390
222709028
805012638
886273625
913626025
827824281
10147688
404260290
443868864
249416887
885070190
203635103
35587473
954835195
10671247
518211829
609534070
696878475
723324829
653394927
949711789
239500800
540366033
381348335
289736034
226569439
375768428
192853831
848190222
573163035
308945848
400660161
61342088
132607728
937338765
937767092
229138767
375433616
863661863
80355668
420911397
348194676
518317120
393180404
791312466
200760112
170039469
71162958
762575281
109602947
690033274
964498587
609277378
557361818
908717881
669485560
89316046
617418747
663062262
40227587
216828037
559155693
232076765
39936051
774869365
786058628
352943025
719697070
261095205
863267008
68846827
540128739
188487458
174665792
759180104
802134266
633910921
21445197
477403360
616183557
402960298
182414545
473089476
148516186
917099639
487686017
299040834
870996724
869595574
959024957
2235434
481107001
181440
161259745
868744448
325007601
604717153
856600101
673777635
841196684
119060051
945960000
438249607
832916083
502916335
634896064
966313972
589145299
935257432
419246255
286491285
299050764
424550955
755347585
403473538
239411886
865898042
781794069
155274796
77319194
401196728
875107027
123968643
685324167
107591820
734995226
496079245
752803008
726764227
484485716
838686811
980513265
415196439
188363305
931503621
397797498
634814241
834531466
401916030
131818466
744708890
554002276
22506340
29097299
104010809
616440676
39916800
327094665
578824390
310157500
712803099
586401298
428314473
178116833
185124645
121645111
79465251
629351858
42809577
961510496
362880
138756280
740819528
69139883
3104962
858189948
925623225
357242629
534350499
436483133
376554383
690388967
452535185
882110985
146438625
102758669
229925058
479727677
76775214
446645382
869895714
40320
443273352
473492769
451158449
178290591
67938511
762809204
799862529
559825710
192651086
742113641
893992682
555091552
98254654
60620446
234723288
875875733
115097697
995119416
621863315
277923549
979530151
469737875
357763938
671839574
419157450
720340636
909317028
795678691
740478198
63725721
169828074
860734560
494587660
324219562
477385267
44072734
229636033
863127087
249645119
753635342
173475671
280930158
349556439
486105007
562602787
818391945
294912849
897076995
40320
183952823
721525197
703939292
595174475
712699222
528114857
704495700
757908423
95218973
148495529
282773553
870439034
677118735
707247320
340184913
86788306
706340936
471911515
105451203
62569068
103187278
524674195
544803072
868892810
924719136
572301052
564434271
369187858
486598716
354080886
871156007
226218548
456643976
81379475
846404325
1
225101327
163445282
287905888
584194445
724285087
479163277
729730519
882201036
506314100
524415652
234411089
896411789
356657730
25990436
987115607
240070434
635119893
2519780
393561997
926717988
526505298
738103857
616473060
83560281
678639122
387482097
528250679
236085194
82512074
405742668
913340462
566888588
563783833
928804545
50442803
509092182
236427784
436841748
848316873
745760767
67652677
854830236
78699592
912121150
704681606
712671870
592677449
788375342
444664541
690974731
659136509
140330429
550960387
269612091
764998346
738726668
829560633
565751605
717672078
334824257
575862492
497848779
618800520
434655082
416370349
39916800
141768331
93170064
127586671
289023588
692874860
89176284
145126797
107591820
523516430
756883524
428314473
612218939
316704276
202743771
236617831
154246226
170465466
702896919
805423476
19958400
440390057
265133983
947014378
63424700
927416077
690388967
873174351
342369331
553903907
285263078
182878091
317164391
690388967
487849667
307235929
469963170
589217722
615734793
115228349
207960190
226274906
160783767
14745086
