532183306
897286330
643579046
754537508
690847499
748039626
745395232
926056220
226340909
258835243
992886328
427261110
477571732
230587711
378311618
546438530
659685317
38704241
110277671
40320
21745348
71166887
329447532
1
971976864
586102373
403901291
698032523
778479928
206925845
229563852
878502728
880352381
654160165
857710626
10855417
450433916
467446349
108897877
219897793
706535477
362880
491822284
770764034
621665920
279998536
4989600
804312527
997107745
202113196
693574569
957146067
319414876
621346216
185247683
602716815
336163011
578369427
288427598
999761132
120
641920753
805347750
581071327
554874627
966753324
870902418
824529927
609358590
752617826
842099537
125047246
493869399
524303816
625320880
40320
827143210
440170385
437357138
903940436
578691562
579967829
472107848
634989921
776572267
656151519
830563480
565243040
970144662
769966879
766549257
115695116
51139685
78027433
609014512
79045357
544279113
979024476
5877699
95338324
750331531
93158824
471895238
966750850
171681113
286566870
672216746
250327166
400354968
575643030
648392071
315865655
855544175
802975433
925255473
708436795
526359511
706750166
359302077
217885390
78667885
828878508
242851123
128035792
732356592
905891509
800685948
587452907
717904636
932522975
524090674
409957780
334901115
105149712
6792027
349998170
603890414
560986605
826225613
52211244
430540571
775301651
825790696
355534835
938477465
164971516
794299594
873050
613500881
395058621
917437063
220303137
90301766
569886824
671724808
57645357
617082150
650742505
502738369
810975084
348615197
278086153
667877457
721878887
390699779
795523766
354222721
586021850
438952174
660770323
737434917
654771239
749997321
398966089
149952678
367144549
764303824
982651509
685249429
869365027
337258315
88350989
474272142
352611532
190571692
286991658
554064386
5296776
283800660
466366337
138211030
597551414
244881420
613502363
971113922
71495424
284667548
310258126
421883289
645789082
219043796
396548921
19958400
969052746
100249369
256156210
540885457
846182070
24
63189559
2520
631113562
993318300
138513200
669988900
456294662
197954835
386068848
108342815
484356006
758086939
470981015
717645251
719867439
393053652
550632092
483441654
239500800
838447419
181440
557443679
60448688
351941289
34038956
702626430
826749980
746991060
293669670
232802370
679194976
731134265
766686333
714690574
258720852
332275511
2520
235894819
70746803
61327079
12644322
84649620
321133858
92601915
124294509
940618139
645398071
960434450
146712254
894984996
315852951
716029983
221747637
518211829
563258830
91272954
843359816
48305712
615058539
842528807
704635049
555091552
229912073
603596402
933947206
745013793
962524500
555833680
915751465
310327214
59875200
782023905
31851041
362740718
845615489
68992669
670091152
228368269
799595976
850015751
120
591708050
835571638
247080809
799331547
3326400
804427713
930867646
928768355
31302369
407619976
818145693
905194130
42564795
834410494
92570251
877318447
298588550
553655500
828040002
182615863
125665682
637800599
116701750
957686621
835927791
386862852
273871650
979003847
296106424
590179130
466407007
325779642
485565755
940258143
425501538
958082127
541071999
980880797
543965199
784740606
975892729
257221015
171083203
81784286
752169973
150055523
976208355
122458588
415227849
245837158
391919578
558571372
510874262
461596921
962458002
658050723
529975359
69870033
761800436
505263782
74030953
790902318
590312926
969138709
100736650
230483525
628390788
597984582
417672223
598159808
407929901
785537066
829061377
761522806
208866947
343839087
567424470
489889441
75423779
938010009
602881405
534318222
128643575
860864674
699911778
280238506
312169063
587300149
330135110
968100876
720
714157240
471712872
827888262
257300316
683420519
36193765
722786970
887797659
560701002
472356487
744592324
63181115
338972968
71166887
598842692
432273243
505017441
598676950
803208353
240468303
462109039
261140579
650239641
590443643
899948466
334863563
801065309
592978814
259606201
842125352
310213
944294890
391496254
6
65061814
896548788
882407708
66063133
905782743
50099061
910472868
291191993
127814821
862403905
628842764
921409635
867024350
58657759
730153546
760444150
638646181
24
158880668
154209069
301861294
51379428
240506609
740317295
498471993
232292825
712340704
245653647
893290764
791134834
212139399
908407763
644006268
433993550
779830753
502997270
436652343
408851887
721046379
60232159
625416419
557278906
81661736
165612386
303562411
322201839
284458264
969911261
520858178
296269595
913412542
859186903
127108113
175364706
317561170
356968684
311221903
90122587
195500836
52649020
529237868
250202904
636542897
540730035
963141578
547858037
462218857
119479763
704998146
157724568
263836602
403721901
989309811
635574202
110265607
90082799
482307013
3628800
389123378
145555098
941804155
688398190
524706151
876563746
196634249
712829124
1814400
955694937
589084179
621974314
998608156
216659344
831846200
724101389
855215107
982300964
118746191
760127825
463400880
126735584
830504368
134302072
103519218
685613789
399940492
211393631
106647820
169472889
742752209
892716928
110812872
980314117
307150901
926513447
182202845
854108917
935563121
114041361
354403577
160459523
656607858
192676985
405550254
82608058
977223491
723728509
282277181
634280094
24439705
453177055
351934015
779269761
379590965
201024372
807012367
61408141
762651332
24922480
432623992
214631949
332177906
601371889
413573296
288580460
779499578
664823636
146851853
307153865
232180883
540067860
484363669
169492462
370088567
625869283
361288721
535224757
16386273
509429665
39694850
531148971
891222106
349113562
590724630
761111221
291572717
412855135
441276572
75894309
132976775
578535146
158724016
35878550
759105918
708161772
675989475
856560498
906402780
287987895
949745248
732356592
541004492
69076847
765639095
645550920
233100657
13376815
876475342
739570771
533963354
814888185
901021448
859559423
217038331
793094829
29386007
603558486
515678578
972863244
902059461
315375158
731276631
707314406
271992745
193014270
197182361
711186888
228970468
436735928
799132534
732278965
828908824
809888630
467275225
968051932
488307353
734107576
446961896
202217696
343320545
380110626
106510430
733018440
219332015
842993374
111166736
603630901
430367280
315622119
649497917
183470256
798360738
31129720
6
308761852
726586926
693574491
725640058
481817399
755638011
423358230
95391069
836784331
178290591
354484921
804346681
916579960
647920987
567584985
542104041
203856483
492089686
743064766
515498471
909527788
242734913
485397885
488243723
349105798
893365153
244145253
786528503
275479296
962500242
51543992
120
983080439
636227571
10800653
515200886
107634668
546633725
742113641
367999446
608020710
902029381
73402626
852138968
963708042
64384277
979106835
839944344
145852723
201215953
641598949
402385347
816707406
368074208
796651364
607916984
712803099
715381200
37020550
492894057
362880
543053339
887985933
776365456
2
35194516
462135587
572106903
785814608
90383724
138082411
583367377
316232612
947954513
3628800
207761021
115452199
405749191
305287601
210005925
73676719
38467667
808734961
456168887
523701541
609434149
484227275
400660161
48986525
607356478
915573280
16111086
432577967
620168400
650891828
727993299
472107848
304915014
852893283
589145299
327186719
24979941
221852747
805282338
84364174
341821491
343685582
768997204
9869493
174370567
27446549
34997681
777882284
722332274
626780192
710673640
963708042
697435390
740658231
626797355
168593450
678332565
770111696
528760036
103222710
835926554
279547282
623355607
856401553
445442866
360937215
648904570
670919851
67087954
375360712
920774419
435868860
57716698
181821936
728683350
756724494
475290790
131508289
533676693
417333094
767867879
496971702
838641846
971585012
117499691
557022775
904931036
721337254
560384804
11070834
804592541
380908836
492076231
80834095
530162753
130484772
764012968
668510566
225357109
199685698
723448521
556421694
3953070
604665325
694419519
540089187
727665323
849440476
127005218
113099007
685243146
268045314
556187093
393080457
907078344
518699557
402257081
946327394
650658497
907797356
15860679
253565029
445562056
600456574
399339205
569888098
166351803
396314796
24328967
160917180
164923722
470301771
511756333
271478152
371994736
143266378
180249193
988126056
496017062
498667842
835619377
189423690
421922775
44891868
514243471
156736307
256717511
24
256732633
582052852
261191372
556135160
819773586
678497810
154992442
994035007
415034298
181440
8874774
75527581
3326400
869208249
840147134
562209095
708075479
384398472
398466128
849440828
279552378
937081987
830645335
540173206
580624760
935792957
629541112
12638606
40320
923568302
784366946
788479764
252080558
270602741
9331743
340345817
109219500
635717640
345908916
395471547
859783961
565239654
284943412
339650295
908659186
605509306
868761031
826616448
360482273
964495209
126241342
973977260
896352540
388134154
676130559
113548704
61729308
69349859
194452163
251700850
105367995
631649920
835546658
2520
162971247
161018379
257096393
447150266
247277664
387068480
288875940
546537753
475337309
696124144
7566648
844578182
755671970
995723982
359237811
760129914
413155240
813723429
222481951
540226271
142315601
825887473
596058927
47845540
925043752
345364704
40463641
264888470
973977260
788685546
746106607
126051446
868821606
364605302
940096527
451167330
830455698
984856631
112459414
167144226
851318997
855704110
41710039
210991798
213020182
247498957
825592588
5021318
129123404
970063614
766779384
827772581
15533010
531590561
905262550
422297285
436389525
429094974
829834103
507913041
891286810
1
382584122
447874314
339834587
832398101
967054389
583369689
417510989
648416864
823566891
508833197
642548713
220961793
842757630
990824310
829253818
376794135
151663272
45006894
229706923
813416757
258888625
319508940
852483942
789230402
896191412
1
20160
572430498
139457757
558091545
297806522
317107325
341331816
453221574
53795910
219722700
66944904
20160
934157959
978724189
266117705
320636599
938267124
669010274
531458004
253040877
132156199
2
773142568
753981351
347533914
185561900
711408213
796748889
904577235
660780129
190502911
886595480
5040
112459414
297763588
855480699
199233064
682061963
839312582
696787320
614033157
838859171
310103018
277242558
642163798
428250569
876114091
648279527
780602030
913808026
293097262
2
659688459
781056611
577551070
953486330
253238930
552183278
498940007
854365143
681308697
325277922
623225390
892659351
517730822
215290690
902164967
917952873
994181852
969640360
610767303
292866523
829187211
243097473
630545132
324027682
875135468
253422246
657890790
354916489
911241064
145335802
762927055
417022219
761967796
678230297
505902700
939964480
284517171
158362242
298094317
944337307
557479896
234258587
667022022
582805190
97758820
281345353
992154051
637693306
21342494
862091840
454437428
734040306
8122080
700485087
593307774
651694850
717147515
876155591
543993982
732427458
555255192
568950837
258014536
221076520
57717237
386290793
652678031
520090564
682659454
566989603
778041038
727601176
458353478
65806902
927203149
420217187
762360542
475295654
165747529
417276118
457532699
794572653
473642908
74693335
177905590
967068711
69980693
350420712
925381210
891656375
695203123
270562661
237846723
842101851
923671479
747778654
677441157
581735968
321890945
473737961
784202315
501233281
845194487
805419880
39916800
104954800
666873480
808278325
924202507
972812282
859193434
682197359
947611023
971508355
177715333
818251794
734270637
229279457
808977971
675402482
597465067
558583975
689795486
112215567
947432876
426103970
65184794
841250756
239955813
506086715
730580291
398965042
70986832
537477974
566506415
543411747
789978159
546375341
301138502
991556097
239955813
281184983
535212872
274966134
327327906
510087191
568775809
630072269
365919609
927360667
889453575
759759133
564469932
667648031
452359663
817780639
118386317
192682392
746350263
223036765
721471661
311844273
456979078
14633287
302517213
494342763
728511992
748223740
152098149
133099746
294340531
880215755
62546884
453729372
233191978
583369689
123022253
30925165
549956519
472816524
817833364
567880849
661564385
210201995
823467170
701662056
120
686026205
283864186
33262490
5040
718042776
784320181
792914846
735595619
954053384
968454550
865282794
216165827
602529
881238581
655179919
7023952
34823538
950751471
372224510
154305021
389881573
287652206
885623899
646552411
474228237
160416707
179772812
347110473
284970639
602575787
881058718
358871711
227207939
31864171
166653573
566624063
424096878
670639455
538127335
581940279
322209912
35049904
152074488
944078132
214324621
482708133
570608177
549296553
611873128
263572854
220106288
479578727
647052221
96801677
685231757
384004043
225849523
209850429
467968756
267866664
113958253
833247087
989827814
433065435
961875191
439828299
967290329
547286222
191869433
3628800
382344317
234469500
836651340
382955318
107591820
263929763
72963211
805278713
715068342
981679446
684358404
125784696
756612724
785299030
722514519
825654427
986768668
613966634
642254391
112822228
474854558
368849911
261785647
806204345
537579608
581784141
501102699
524960716
740617318
425237255
700330084
992484107
609152235
426346557
269710700
633557810
600856389
764812537
312065671
300664400
112548789
90969920
323689048
435450090
20160
468650680
34096904
235277745
500315884
39764468
980606729
896796327
557118925
828758011
774207764
616110387
229210053
392630946
758860314
529357994
982651509
957613978
827413321
511315145
953359659
538314620
330874035
514782743
963032942
863927506
345318835
832944658
37480270
612479404
92108623
273599826
2
248453912
967774482
64847447
318003334
176615911
436733730
980055106
935038050
200978873
129765943
241573880
717491212
530749996
608194604
483719673
326725812
84198441
424311372
203001363
150016963
789455811
108158257
705228402
241708692
602644738
362338771
720
208489805
635507550
893506408
871396359
266795321
454967330
130153905
816678134
744147086
409199647
922998207
822672556
225332877
78567637
234563534
626610249
877645095
744806582
569841695
164873833
407736053
919887644
297267288
6
705398592
687662405
837179429
50948552
837820356
950811695
39420955
699312100
627131881
301846784
678160746
426129360
279459930
251177595
777424952
620090004
608231313
43063086
716058365
258468358
588647784
632445661
465088179
960009306
289977543
153116171
22410288
462524443
574602877
375051937
567392643
681205418
626654647
495662879
423562254
693529483
283081469
469684704
38470864
362880
151200
97319059
698698487
262135205
999081425
653312737
119212585
128409910
691147264
896796327
2
649320818
134310485
186368252
1
102742204
494553714
688794065
193285642
657231079
868413598
767497028
155145267
753712838
727836474
247489125
201515435
783810162
12088847
1814400
667613285
63649652
293284507
639669064
119185294
644139113
555091552
793888792
179555564
910702164
13891171
619426392
899526905
448638839
436160525
444336883
471475949
68768376
1
445694395
354348457
145117731
107057725
656151519
787389948
644943064
663955494
174830961
504630890
696218765
731392647
876097618
24
315379779
783515651
129760783
695326263
219353252
946515639
733323420
351639968
118344126
362880
611472213
830455698
1969728
682390658
884891303
603095055
364857470
559770549
909549602
347018671
269761341
158652720
879392903
426952908
601796154
145962494
486358809
120
937973983
785502477
655103892
939540096
839969209
385316814
867479903
267213767
844639930
269763761
351044551
323973543
283875383
792323789
107556794
897150778
961354180
533619030
127404164
453325515
229322214
382899263
61303740
281783323
677063899
80212215
94714600
585263256
674358851
23979809
287690491
474672993
788102424
491310870
319034763
368284945
365795212
596585159
460964235
398668533
957018946
787671332
43222384
927546862
617638876
311057632
722384989
92832368
774289191
451148137
855265902
450484822
196599028
212360119
739763799
141500818
448728867
503828359
877826168
728880664
67167740
251823003
700330084
380455211
156269669
39026804
496076716
370352842
66500373
881994178
685937507
695585652
785092773
792326579
222728162
318829459
444997136
18854944
263897683
836110243
739791421
486480466
960927134
711749974
498580952
133447658
881952162
532864758
557675848
456685279
553761719
929602460
488195219
256213809
230079642
142042567
58290320
316048700
652060081
927502439
775785089
78969997
618821549
781290901
316472505
174670277
353034903
430564482
663231342
1
724734260
276597792
159155494
433981037
517889145
623045174
819537264
396881274
850784194
816814838
958259798
278699750
958156713
802585261
17931970
404010314
388035666
383425848
3323509
224490095
649406518
363885393
337727911
306231510
239500800
92968018
690544401
120705372
110584433
402508005
430367280
307817903
326492356
158563880
934247755
772227794
987617661
739960457
719910091
572087832
199874593
700273764
169935256
696816107
348717695
818243245
92337057
717780536
968454550
955448636
683427968
481898926
283748687
281631390
357264184
747891348
419030941
274160707
271131715
5785889
740240030
531834703
2520
169280865
297924184
358832696
710118374
25426657
589624185
48451888
86967202
274051773
740834565
441079205
683731074
418861025
554565182
650713215
227020758
596481831
938701349
834205148
647062864
93611771
937688170
374074101
11775971
50169227
502069219
822798008
508915462
505423121
589496184
723534331
176654914
447337280
945722627
355158586
443959423
922559624
947415062
307203731
91494598
774206378
447438919
369746413
412346966
747647311
952315494
377411718
334605297
280609653
349779488
616572384
775105452
239500800
106933013
859976830
462531990
527005131
638379316
787513886
838391917
783768185
210047068
2
60930859
209610395
414899371
466796895
860198835
506332868
652626228
641162826
128555026
433741789
488728334
58232510
310030536
430734326
798544487
281024044
394672977
900126533
363457446
890518653
232737239
820731214
951345919
746343489
349976810
91618999
880276914
857993707
470222688
852066150
490360093
891249107
688661653
325921342
542801974
518148897
921268929
344913204
812909053
524804017
270913474
45369845
266059209
798655639
986134442
376768635
584056660
937335555
557852049
623834437
492486698
13002520
564805859
328645003
360064387
543669503
14598616
523191687
728008209
18184490
708153815
660069298
388525830
594994806
861226914
10872674
232864933
586722378
440335893
622712125
302914906
518134728
665201852
805089402
609912000
814724431
891422265
257830109
299209999
122945243
849690788
124226423
27704083
897197944
396535490
721469113
599525921
347929050
565882640
823313072
369405684
169109118
218492411
345925389
110345085
999315706
181440
124400269
646678108
898807120
637140878
829576185
966444362
121363340
435361404
69220225
922487554
697435390
433360466
193163860
379443468
729927037
554923960
863575570
663636861
249800432
270921177
996364573
246886096
505591643
644089143
346536763
297386698
291101833
308113967
305155971
405409635
207943359
875800878
881952162
235983531
303986723
76217759
911629497
412244764
589222228
694143937
800946827
122567254
120531548
979359271
610307539
404907391
194770585
157072405
759181930
185170544
5040
355268093
733232975
417968885
53760620
301612237
584099379
636368568
675853343
964806310
41229347
15137208
654710335
362436900
694792100
324103505
983687372
555703072
628454021
818191530
478473058
472936318
583907273
198829973
873431761
430367280
972280003
990385336
190641704
324820391
563267378
576855196
42688679
826811621
955968077
636426658
180941213
450065045
702568560
108217468
813082332
138574972
947954513
204168754
948718418
292262034
252551931
888165883
798644654
647831243
400368886
918589718
107953823
8574135
376927266
724514916
724388371
884198263
28479261
732202860
75701153
592113259
865923336
290519892
110420281
676973415
294283631
768024950
890931597
878635158
792327077
522258421
464499704
380777927
561137118
589145299
646170888
899668089
109827634
615350972
19111028
531639223
939731812
849495578
531751308
577373312
689837449
882603010
694800167
817666869
368321581
53071068
953171929
736493404
495250487
269584906
636050283
396798804
605702774
562113215
785594046
871558047
190116351
790308375
761829913
19958400
699703148
678954586
172433356
95231357
422970710
963581290
156099870
395502230
15694172
354724042
680665959
543114154
37836793
942534203
275544529
672576678
921337936
458648893
957349608
232587240
598099471
749417516
83731454
250750662
443003602
86722623
79045357
817323929
904630326
72040122
582203666
149824764
480980908
10266234
127864710
179556330
831703467
148126311
883964141
35076957
150249386
93622936
456773167
6
951220964
851246443
113510379
906613222
206102973
941211342
476172382
429114405
883079555
835344446
858647252
22962677
808261984
594294730
216190127
306625467
939563351
131309818
427936759
315856840
645081174
309988955
437434346
168257097
411547602
82662824
769250651
652520714
175235453
406219446
231160753
195102821
274462783
56095473
643224078
451288912
39916800
161738706
930639000
822113071
706141304
71089137
379977639
945726481
343169819
895909019
709389862
973444444
62821211
239500800
530347978
500458168
881836713
609586006
391785410
564288189
778405445
56681376
788444372
835550741
208163959
108597399
436173789
873929959
186900334
278287582
758844516
831857961
565847670
159055931
523919508
206701438
882590365
749741458
2
53655339
788070842
237136071
24
83450197
412500011
689795486
657638248
258651065
130304934
673385978
624248290
188200752
2
3559882
599170781
754505911
291184937
117858761
252564687
523568352
772981761
900975194
135068697
790158837
726581620
723010956
561655240
472367057
354210597
465871376
549607928
977208695
475635703
277158114
662412392
678561930
289015897
811294069
344461913
595691542
230883657
446623174
726031406
311560839
193324105
741348011
659723638
843246190
99499182
213808736
56121454
879728364
443028653
625312890
613708922
596658345
190482680
998324011
437174313
485974710
465363960
402954688
598431991
296779377
64509996
602746697
785212678
40945964
794051804
881379709
143513830
267555681
435673121
555676131
49699830
994704980
754981191
20160
188896555
258291290
708480537
481353048
177310084
2
457899703
559021302
991947764
688798909
716591091
259182296
724020867
357033252
977397921
849549698
504898656
709134726
895306316
8873354
214790160
948524158
390205642
105720661
665748145
768999318
929266769
583513195
616146416
504577122
245825442
341668890
180231313
841903872
442026496
774221100
645262118
103078121
289157902
159174380
585728568
386968555
127122624
748866945
579992672
874408468
730637031
798728525
849204760
968683880
103476518
937432654
601545644
610168680
186586414
610353861
620829897
1
905770771
608392874
521539317
804200816
794572653
273748900
381556862
861325099
394870773
871789979
373962729
418566697
356825479
393337849
117048421
446353745
550323824
894984996
602473955
247135393
763020445
880299116
324823939
963612042
108811556
252194066
177738429
497147293
179603842
458447480
406835864
106675620
755004115
969038903
589275774
940176564
163421719
666471210
16338691
928083576
832647074
30499656
868994346
31021300
311894946
999386268
124880652
69797258
279301226
916130980
145867761
780616173
893926636
99376183
348717695
765147154
479911626
521515757
203596755
759529214
882833117
589159283
227203133
956897731
115695116
773351686
379218918
918415576
917437063
564566527
799447602
881984967
6
6319303
551078871
163837766
186368252
224253301
415854722
753478286
329679323
516715717
231744982
191653062
546418580
337488792
407907242
895422840
746556832
285352591
40482418
375454079
41422148
219961679
430226732
12446199
280399232
873258959
784791598
660968717
687664778
472856770
72615067
920307599
925299588
923945800
307909282
153837743
928200780
143506147
892298769
439359924
736898056
141778079
629190842
622831064
881454680
953546961
592989587
641312567
826764794
60555661
524316836
513012390
199674685
776771696
328838369
186236437
642432477
925105928
961864270
183063422
832015670
569291676
992221579
292193291
494310311
424957782
32926954
714311104
216187677
379590965
263652606
590488619
263641621
963535839
553709534
831099075
285819023
281224928
285530346
120
467935448
293518538
738730047
502303042
915724070
704342322
492515103
434843349
584640436
512419816
777408786
739458969
920592177
484627808
656968909
863294269
926009363
413979559
788879510
611442766
441139812
257355005
977310322
577452287
597555642
722229667
784169800
814214380
244464241
775480197
416909830
291101833
490639420
160423711
284844524
692313024
498621589
881773654
807721618
881066198
947890807
882347799
740431943
279547282
699927496
922332245
582775196
645470035
767530975
569907645
969364839
404372714
50266206
558444585
449089002
189991132
192300450
416095598
409023340
483533062
632739990
432925491
737276161
969023567
764321191
400660161
675704784
405151384
13903993
446391042
939361346
762608879
883200681
628747736
544175498
89187011
761913905
860331461
345032244
241742083
3830037
953599970
475202311
229701918
853397614
909224877
902083341
409532726
916365087
227593287
965847441
690388967
480951646
599970685
959995867
817333629
26466777
441009706
564575887
150191142
35863940
352542011
260050215
33377114
260211899
403895195
745556440
334749817
900119758
866883348
732879326
91191230
828075763
642797848
842282911
418730361
590862703
191531936
47333523
139039415
300826544
167864314
182299821
375462094
302181731
981404030
279424171
933393698
337316269
24084476
886866844
511514519
254736297
795860568
107185296
376357066
983286906
503955145
991516226
942575668
510665205
130974017
595161465
48236249
443420013
115695116
663900129
609426409
415227849
297924184
61834769
1
944709643
461081505
598695344
30017263
525785766
993992049
170218223
287407019
811302407
64718075
191054345
689451265
12211411
904998075
540831238
889467011
649947539
440277807
187259284
277545776
834314537
328195236
587968108
237963849
86151054
527392752
236617831
753763015
609347426
343424325
426355996
47972134
739928703
716315645
6
971049571
192369911
784609679
783194270
389768118
1
40246401
630936765
852016482
292210789
180426474
394781200
858855108
778797921
667073491
907200
578938049
733558974
347694948
387698594
575791429
925670900
882218453
896491315
691129910
287472384
180941213
226216795
25017308
618441120
255256033
621703963
985915083
5040
378865544
704239162
313635217
391545678
200671976
275516762
251121509
905040470
591405641
579987532
626179366
718645722
905087023
554959698
48027675
837179429
828391182
343899455
693364481
239500800
839966015
216190127
351193196
491827660
460776784
215183640
334425312
27756782
637337019
165551789
720424777
128547171
80043299
514231257
375828313
344006750
924439343
418566697
371312101
902589002
258475139
142035648
655222389
11970422
815796769
625240937
405304568
565462504
655448273
183367643
679628860
378837620
312787605
714205108
778377600
180977522
101322346
65062192
619131910
528230893
461297428
359730960
767853876
564751546
105171337
486988630
737049890
138704724
408616498
495433744
182379322
631778159
367359252
12981909
575695147
754672238
349508648
109650269
555212396
222101103
21289181
74420942
639126352
49568529
912081483
857775859
840469638
353342152
678581380
277340370
516373910
345690737
625998090
353433582
129272703
461821291
529963837
457186745
279981221
622491887
397725547
173427314
609253502
888286137
328343441
516373910
417102040
421986732
423801033
659192542
954909143
781168323
169635691
773204637
327635569
826475687
873224010
817303006
916189202
244579769
508590064
321599290
361409173
95866775
953702973
872279542
920160719
599384301
12293354
22679782
744043550
121692183
627718569
210445369
714985409
928200780
257749531
99845750
698999594
270278080
887400518
980979363
324226447
961362350
526287698
247536222
376484917
529929323
634880674
570651567
940846141
296873168
285841061
151851535
197332997
53241809
64218513
382959514
136089429
556049432
75171451
55737552
906705546
179960842
211103475
237580871
475024321
802943652
271389349
556581193
179279817
434399076
924320924
289709775
944735054
71727880
409005788
868324170
891679449
966096878
2
324728234
196222257
74028860
716320702
659778010
2068064
364794764
922449336
800066143
461275376
8452656
294294732
439734871
954212988
995140026
997301457
275776223
477348846
929026707
950188869
712803099
824489528
827507356
366892793
197536251
197739901
383214350
947737200
868657005
523044263
282092880
30831183
485579543
424451300
6792027
252282665
709800605
937081987
792962170
181374493
759102986
28861549
450977437
258333124
879745607
260956229
746747729
173236827
452678136
216743574
480960559
400061840
1
453029212
115363091
658593894
126238259
715161625
810601304
776808978
273661771
870320051
367005323
854788881
99079051
146130459
837179429
865282794
950933523
587622221
333645067
186209885
278416755
557969110
676518332
388007476
724259575
355335741
748196053
258100236
929196937
791213969
821341745
806765262
133281726
657794031
884690344
876762926
948398167
578178534
236151550
351710003
809504722
602754895
426166536
311088438
39759605
573163035
972863244
386463331
816408983
573163035
776191702
151673021
927224077
361128612
405915397
538851693
104294910
348717695
1
858342593
946541398
464389935
274684722
638175548
392572428
708430736
985290425
743998712
488544927
526002171
448095152
344340320
705392405
252178320
546167938
837880874
641843082
581102985
316101439
152385524
159688864
923238255
641683000
843356520
257631906
955565256
88317095
741891446
606358605
483670631
652360440
85369976
800549720
515701105
640656227
239500800
224394642
241437993
348717695
222950208
421983596
733814398
124879070
816453356
399286176
523605723
35128428
837179429
827966883
284230101
147737494
311227511
24
725454091
498738996
895909019
562330427
290440718
274240272
314015746
399848691
19958400
945539990
377465049
3435637
534916348
506729331
291101833
490146142
602096266
336686161
459127201
365000809
711090972
885893479
552962311
226813655
24
475430839
968763869
270991759
501637968
266398275
50558887
19824395
905290551
763174190
536157785
484380702
900679209
410996641
135877537
734877517
363162204
362880
58466317
890841839
39890019
741849667
944735758
498143197
206701438
568193550
90928323
287427670
277113104
706523067
570848620
191733550
823552490
714631767
709660465
502104190
997904935
227441613
414083710
242106949
93375533
707062259
1038834
15478265
295503390
141791858
664884256
415227849
463455163
671528521
123634958
991017175
555011414
685763013
819332073
439388507
85106869
218193972
764708652
592748703
548097170
443769276
400624274
358171919
606645189
108102826
907739904
966214761
737472229
119911411
252836899
858825574
60296228
53795910
298312832
975693918
509038617
261220036
472484687
920936406
987154573
680430249
979122507
350165042
366318653
864038294
142456549
811656590
233888546
125944741
662449409
24
256808836
953952260
498007463
927181313
257983346
518791082
549977746
485262098
29738025
170044128
937969335
422245590
515346629
871651248
111354514
418060739
953258623
732108679
457887408
133922809
24
769743909
111475104
632517390
182095043
704682780
594156838
328035486
762657228
149798377
63181115
539590564
63944378
453719440
519568346
167832406
395975719
742444306
324048519
417469054
263963871
453924207
532999619
820613709
253539432
62648745
480562468
184525403
805202422
178134299
590312183
414256850
421961128
791350475
67227624
924206542
621729678
428733381
684920321
830484362
367637024
389677928
58095705
693484746
262924803
600555854
48851724
219125666
227357405
828611735
29329319
167024198
552336386
123423517
882410639
166443159
505905721
690275366
17078545
700921100
763840953
685541261
124919391
310180233
876986275
918589718
712803099
934229732
72570967
24
140336477
603961286
24
123061034
618643472
276074804
267972121
751806620
565009702
948304317
460649407
678031789
621166516
557039991
985638011
984377026
884729037
959714798
239741003
994433819
86303208
928575085
875699683
379674891
691475868
571261759
171058217
409931155
299562628
648316944
95088378
860734560
37399107
302659967
455175049
797390342
976774076
79914048
793690910
220009556
943769387
236810069
617836668
783522834
278018734
872116923
59848011
889355084
119750400
59699331
371613320
717904636
130781791
412190915
375181020
965601935
550480439
956599956
254618196
19203924
135982971
474949271
908141807
646789956
135894356
618591407
607380261
583937929
941246926
977228955
668607387
692152124
972863244
689305573
521964408
971497405
798361040
840074457
846793185
140264334
678714783
667227427
700330084
47077677
119760509
589145299
764939990
882406442
189822453
56434929
31851041
405887600
569139525
296791404
676400580
448338964
997097661
935109716
640891665
242402645
195521009
282460544
978950100
533213610
496729593
907200
561263249
2699397
20207730
226820402
697867571
380777927
407763480
203679239
236954850
910802685
234502833
891656021
574040279
334467026
766341893
354641676
670313464
362627599
707613928
4207669
138628733
977397921
454499815
74481046
897851728
236427784
4564163
799178627
387870269
312197610
825000022
358577429
663368490
203231150
190598074
394870773
637306701
710049505
558888066
557704725
126207666
345539261
553583653
777553743
320162666
852902534
43928078
798873521
794069359
450324836
629623174
742605361
397074142
912767171
442403638
502888874
17955633
780296546
557750283
663238790
87596201
709445803
617082150
522042934
59106946
983026180
513345391
396471207
899942524
436426882
357725639
182009716
661031170
976291867
71235853
504622343
119750400
445087302
62128969
33847127
744669940
522570590
481397566
430759137
835659801
560349913
377371620
1
401138
100525102
198347048
87386332
213465317
744354060
811136739
167406114
214152184
93144790
337195958
623715998
562326737
236595748
645494586
143544947
398144557
480928111
553851694
719496399
134845627
433936235
126817370
264478221
563279152
991325758
163883628
738548963
132707858
18341524
925516246
72225142
38691713
153149646
6905116
473235662
699872182
837179429
670291451
465126304
459617039
148707489
304498061
432880290
155962348
631560560
653639995
192431483
485845216
670529684
831887631
356109673
530361817
143266378
166893648
783859866
865451548
791301109
711468918
249300196
477456925
648942401
10712326
573163035
629776363
961941704
723461093
54358734
266897929
137066062
313027199
528943214
851018810
763556132
629579329
172088108
94863900
503663192
475955768
926458314
768778509
1528528
281041942
735516526
108391286
309400260
313805767
574475630
579562153
545297636
443722514
1
260998839
818862043
457869301
845744422
267545597
89085103
313601135
241918585
378800021
706591758
298849596
653609821
941677251
774618252
552939491
401417375
647444690
419246255
253035306
801666005
81506697
162751669
631757454
865943996
365402364
362880
726937326
391009341
687877424
254036396
563372235
883112334
119150778
143441081
794177115
445785445
6
885365318
550310601
236427784
609575278
966836693
245890486
102714197
173617946
960333202
589145299
228581289
717977058
146638230
921408486
609956713
385499525
786581521
687727043
92937645
852884828
935834508
464585650
102440936
564109251
523756612
446400381
249031548
601388894
450041384
159558268
388962892
256729317
18397790
188598350
850000947
93114815
991511686
421689798
867947463
571574616
668885341
374246000
127208473
62054871
84950725
161475703
51962234
49296722
195170593
266441490
110809260
39817599
392943888
639027170
901262631
225569085
401385670
683144511
310286703
836814307
111753563
463275016
191428742
632567207
137479045
702544894
456934417
939983112
24
82639959
532379078
859964591
639948158
435600264
605599045
440277807
277099784
456152599
980420475
9542206
593892922
170904444
590767826
562689663
869428524
514065563
518899020
20160
185756866
962210222
183737546
759386574
773926956
135322620
701925646
345051041
307248898
228369311
637253232
106349141
117588603
413710731
347959250
122609340
412011395
828653366
179878197
40320
71210185
152010252
793790585
751496308
828396055
714157240
123924123
58862489
94187552
147502457
15962281
191869750
828495624
928200780
750916636
769899099
798937555
649823882
286680432
960598675
283464604
144337445
619841385
928200780
564216929
570910924
477486940
547074844
610242207
804327710
65285470
812203554
918256509
741742857
87228909
582000970
402057830
60
421342795
610767303
8096004
353806964
112946083
757542666
993208470
263691377
123108822
2
191025398
809157501
651072968
263062295
830632170
112228587
766306597
379309759
560401559
975672963
918589718
719867439
900183512
914580914
812091917
75700709
948365409
397836863
642692858
921362290
644964235
267696663
566776697
591047525
180463939
663238028
941684694
296604812
304257399
800685948
580800644
266329788
120
948958574
151779032
983154722
388983716
974356738
717238551
679955586
8576690
819195422
918386930
272098870
225582980
683021876
378709259
589331862
56342063
636781625
134709830
608333343
692786754
681762589
945955467
339803673
78814451
220521146
658957905
297107630
414998826
844212271
531833851
929171300
939931955
17112363
257800330
425913155
525138532
493309179
640429247
27575711
365528942
199434416
203142044
447614333
874779380
502775483
861792552
268258789
350357131
24
733458031
875018736
697435390
584386356
604056702
147652259
573631975
648570387
649387857
411898031
708296794
382951729
260896368
228837877
671133264
44329774
34478051
152984774
87412605
113510379
87202495
158682969
405807982
17524952
664137133
234975743
799276199
464070942
955404991
467228006
242120404
976580675
538958183
242606661
832823384
672740263
816839880
594209917
44481948
766607647
98194513
442692645
286532756
508337070
988188114
592826645
64129720
398798771
888633859
106887556
319876972
755607774
134068268
959162145
791970791
762705141
491362966
600734027
794269412
287514102
654187097
233341143
675805459
409380778
257902254
45839479
832889382
783601657
640431724
262371349
112853910
518866723
428909698
637185834
530450670
937851363
193285642
230609406
815752106
80732787
230767550
16722551
890643637
484227275
377138549
719666710
310508931
467232605
424971128
569790169
804975500
246036700
265422322
865850476
227020758
681300638
144968214
309400260
872744415
34559992
891435872
929730989
564384055
466333710
226501403
693606391
598271461
845464581
35252441
744027935
499366682
965665350
527454081
219629659
722047383
122205437
439422774
478898334
531054136
494801121
841355336
110858570
394870773
44868401
499695316
653650147
373024828
170465466
175216998
137697227
767410301
818082108
402815377
620214808
536551108
943999045
743046581
302227432
541939861
426990146
31233728
900854311
248448866
951785451
611900770
913440598
34074344
340059738
297385838
70523171
403094984
133164076
638154879
768449966
31851041
858445602
416473712
54564359
266466754
158487152
591822351
786590332
2
873206094
928200780
956352843
464100390
28611891
928503776
327138937
5040
594771676
406719999
893290764
825525053
515841194
274803964
331848759
456686511
779608802
566587473
727484945
410109490
695420584
199074682
12333530
509576810
608614002
613701788
249188266
781672217
617686277
728319355
243177611
500863636
437007099
731303673
899340632
844857132
1
545454014
278452074
643874854
960347183
30870887
629691224
975761577
165721507
885362560
669412106
978846434
260939542
44312609
60172358
120
943613854
819312967
533917158
93841564
780980149
174469138
674316947
285595689
443722047
382069386
49366572
208166175
888932075
438264913
3891801
598896882
869894496
135407811
694701836
950515587
188795529
965303011
889329082
404694809
387203941
549310056
40111601
15189264
967078983
882938494
839767198
379414549
146758455
324803964
36363604
584913558
415514206
380995045
881523285
266369402
375912385
964420350
275130389
901967816
122016171
590611952
921799993
676480268
687727043
611707919
194599735
806190502
65024793
593105577
458089435
92574668
173503525
82468588
559997072
377677466
882787248
778658157
289184723
549905833
314435426
178540918
979874496
645261561
242449552
71633189
138945433
532032624
118792451
128313710
782164446
721170668
747580738
92459922
432925238
100495001
697978817
952648132
512582123
697435390
211898226
983636179
947013581
336561136
804849944
236053924
966064883
650448642
639423093
360412616
204939806
666056472
418835873
663418881
412743896
490173102
95492170
560186359
975503084
56831952
975059064
388834374
957780359
903045579
290611651
996469989
270345296
801023582
211967381
886889079
180576722
719445656
442074204
758187140
1
317208181
905636356
624003141
905524196
19958400
476652168
837133394
553030779
953631259
180763114
328589130
738840250
109089997
958718535
388207766
870244231
32763328
734770190
462461152
555091552
345605178
467683099
660215736
586092689
837553935
167611809
821596105
697514182
457733792
998686073
40320
556098664
570269126
40236111
989699485
646398109
317593623
896502783
696720144
491474177
928916701
426004531
24
183499735
4328785
518689384
320830460
438748498
423432886
781683685
672545660
246590385
121068275
234923198
969041807
138340425
862956223
562060388
629590181
24
416985848
606970401
995910059
242016748
792910374
360847140
96263962
57786026
928200780
37158368
41234779
66716118
508072578
343504955
268857159
732466613
719867439
86723495
977657233
176464421
626885273
106254098
618938137
113377105
24526240
742587878
547668624
277545776
839062515
254358723
429217820
211634008
452174598
14239528
465813810
118731238
858419720
916588711
2
883190996
57716624
660968717
167611809
42188143
37836793
407874161
200255954
923309033
482962112
934179244
259891822
198124989
349347367
945530920
8757810
529264670
982627606
522380155
964011193
85598067
514358546
441141546
813897009
446645382
906676120
507839372
814871013
186972837
243144897
374677623
69363342
87775124
86458167
863174391
430701572
144445137
735640333
845495917
358160351
208726882
8697127
519593113
717067771
409104668
933240516
67358687
730475447
117974292
428767470
558883307
60
160919592
683860190
569335096
416818856
224350625
175044702
340121326
230524247
512219856
274699647
767461426
444150410
474200297
488676563
972682173
655992547
897998362
987212949
674494816
442569830
84523633
381015654
556755193
872891708
11195128
3236680
439351078
662606947
819834501
101729390
85997683
133659197
778377600
960241668
932095377
511380856
258320013
663382852
747364986
247455948
795055129
348099287
544218640
305542673
406433958
828146740
496558488
599658520
473235662
440377969
256574851
859723313
107063499
844918728
527874140
305597871
128547912
896206820
13937165
893772552
683621666
177710189
957699641
174808813
891800832
696683951
210066962
169374837
641274652
589132611
665304091
154370958
428023750
161028772
893602131
8883525
462583144
2
875890820
18112072
80117918
440895566
697990689
10598307
204312425
621852033
8873354
103432750
452733442
324476903
675402482
334063542
179891519
810870462
900735269
98742423
263672528
265766321
876175184
220259880
939334114
747377139
303166245
572345314
773122220
815287570
896730490
964586444
600633
154080498
986873313
372591013
40535324
529196660
915146653
30641333
534290571
535357709
187124379
738464383
434848508
239656646
12474274
343319130
238833208
290800281
589145299
339248905
819348089
286435743
100686300
186340434
983799907
559375010
278049332
254350835
737163184
194971699
660942581
247521808
536179561
9979200
832406541
120
957324160
630061999
958061644
984188366
657053031
989995898
724559543
692449954
970295498
321900083
256228036
44268351
579395499
130025502
635548197
872491198
332007424
140190291
369866738
730006354
820978879
5040
328613069
305205219
827355171
422726858
35042061
178539310
464984796
239286161
885479105
431383678
62134311
832030727
228918855
195037847
797090257
550548004
278590142
459351014
253301414
395631094
892392980
486988630
907965344
60276765
303247090
807109477
293945571
594795802
958028177
751579831
900346897
432380254
148688930
183341384
59238193
451286146
658204696
899773413
375676011
684906090
759265336
901345815
774153285
436850251
19958400
256281677
914037885
992639262
820922582
439907299
843554519
800638395
339248905
677295676
721684317
942634351
401402197
781348148
93401111
734666729
6
437739670
276687511
581530777
650041993
208885611
826089691
436037067
211557184
750944422
679605800
954032161
541127795
421932891
546495239
357791188
331291215
643915103
341759073
893167760
927199201
187535714
608282240
145444745
575312752
830455698
999560219
38862038
637081677
753956524
904689521
949456007
649238651
74693335
993722487
889329082
867654098
542047440
748196053
991683843
129857090
134224625
247422960
540043388
199266384
86014139
737152171
424880185
112327819
280365294
763677035
516549822
273010859
546447869
236404666
818916064
324351127
380186607
578684877
339741143
988305380
824693932
474738903
865948553
903596776
172560195
346661364
282549803
328489187
63809916
6929338
231091090
836690237
148250185
536193257
712803099
556685886
525685273
405302888
906837945
885901314
356357944
379425320
53691850
425213806
40320
881347553
875375911
648424282
139859351
567359253
110183097
167488847
2
738321758
590600876
296231698
781238192
61044426
570213859
614878408
764627946
966614370
85857154
117755600
948957239
123709551
890538338
239994341
292093642
718441437
528288251
827733662
450961065
359542742
166412315
6
126801907
88048500
441665410
819694506
290090768
781385769
461946292
371312101
51928335
305953124
804047537
332334528
632718471
686134095
900130872
523629773
102756040
889212885
385878181
403972621
270495112
829459211
806582995
98412051
853919222
876289237
236053924
488182026
483626384
264300404
866140670
194693420
68700991
499117499
671591503
240919850
935686433
980142014
407445840
495470096
727834365
953954423
824629007
108172857
475127463
163929694
887882767
730597680
115741643
889329082
436402634
256354557
534795334
664992774
79253519
167212656
674358851
993693572
748039626
803271314
937939888
967458646
307561911
895710465
353248602
70868610
158354116
544616901
982651509
973031979
704172385
737582503
506462463
569335096
588829389
995725443
176473449
191415606
542591059
232410683
255831043
286866125
976877255
815606088
107959321
584451293
779487370
893592520
725902994
794489038
945669156
57160584
547878884
476235258
902414204
227901837
455259535
712033788
81098471
794434659
410276322
815170367
42946092
797737664
23058642
537240367
9881769
786748012
921597436
822406396
84891557
386050026
47370565
123467872
333631503
120
330194882
660020278
274599305
818189998
574128860
532199083
940274933
189546785
977973215
716391149
369721878
168752572
119750400
701678562
788602435
500150376
47544189
650784236
969234770
121973203
153229383
272873728
604511017
915575384
577242510
740572193
945836425
306542748
617789097
916661300
228763989
207749375
198814905
685819440
126065044
349665556
11703457
2
500599610
76598765
402067971
945908741
977952617
14701996
877650316
253383678
814641709
372076861
523495532
653699874
610802684
139024666
273650543
293036064
121401997
663643587
897286330
739149918
566776697
441767086
758187140
152286320
693368495
869673651
108313438
750779187
569959666
611694241
582205965
158491733
513448981
128054964
736376386
660335266
966028714
722332274
393316381
348717695
95335726
728911131
826284154
923885284
384247970
829794654
842427752
111354514
466520339
573162532
413517874
925963467
8874130
504174611
192337394
986006952
856523971
662588521
295969699
778377600
162420223
588354223
865712834
865379455
619977910
7146057
514449803
674398967
192350557
927908377
362662323
852892375
722332274
543053339
795249909
152404429
98695300
253124870
746861803
649387857
637358734
788109560
837903678
780494927
240160160
930401809
351114170
331402766
910657237
730006090
483411707
151170408
286406750
611226808
350608572
598842692
707329639
536748377
609096980
791205964
476172382
337153801
701469115
349191176
551644948
439569474
125517796
39916800
956256157
969374869
107195071
864068423
845117888
829190301
165851051
834291558
352146899
226410241
896275020
115713617
308289576
172632944
309804250
681435662
40345039
730245288
501548064
705386866
202045514
181440
488135240
178344886
707335867
86766178
45953043
638804116
916266361
394975762
823453884
110285653
95414499
400684388
14611467
861783694
207331907
723260178
77407121
436977070
928978219
44688025
475807422
517669786
37733439
787256638
934589838
941134840
590060861
288689974
643297240
502331004
529506744
164219211
464575283
154066597
29622436
314498264
565775160
819086165
48796644
62241447
736138284
232135898
297218266
25277212
254786827
394870773
128861620
122546699
264819981
626653720
226521348
69538772
192509949
269761341
943541923
833708855
181078516
696222265
137003174
362880
212648117
616758379
650008474
480838076
29317643
691265669
68765586
798040288
415406104
335228012
747844356
817857395
371120850
106260262
652224793
487800630
