100
18
55 5725 769 6716 2566 7367 3678 3539 5624 2494 6445 1166 7651 7555 9503 6003 6952 7064
59
8447 3271 3023 5860 6559 7511 9185 235 7944 4139 5254 8984 4755 1168 3350 9778 2073 8044 8895 2057 1638 9808 3400 4098 7041 3525 8751 5242 1762 5496 5115 4083 9747 5958 8620 8433 3503 1359 908 8866 5738 5563 3258 5985 6315 599 5061 4674 2696 9067 1369 1116 5778 567 5286 9584 8306 4353 1208
37
9459 4804 7087 3999 4463 5843 3491 6355 4918 2036 5201 7109 5135 173 8915 7000 4263 3817 7383 6326 5675 6885 2301 4886 62 4644 4462 3556 8983 2300 7798 5416 1779 1135 7726 5233 1754
93
6873 7931 235 8776 6114 8015 119 4746 7579 692 5856 7164 1740 7021 3821 274 1227 2149 3956 5210 9006 8643 1188 3155 3816 7604 439 1110 6592 9595 8211 3844 464 5645 4469 8001 8336 8616 6676 8803 4940 3386 259 3769 7739 9466 6024 2837 3216 4648 8119 7685 6620 8669 1486 2700 7028 1259 3280 8606 5200 1185 30 131 3913 6620 5912 2897 9744 2697 4652 9898 8953 8198 8940 4396 2161 9394 8717 1192 1433 3310 512 3080 9791 8066 9850 3081 3878 5558 7944 9702 1412
40
339 2292 7247 7677 7588 8227 4025 593 9342 4112 8327 8524 2732 4067 7834 12 4324 2915 5468 664 2701 7509 3654 9501 2584 139 4743 8240 8271 3739 1671 233 180 8138 847 6894 281 901 8076 3567
73
7411 1461 3102 6394 5790 6225 388 60 6960 5587 9982 901 7736 500 5588 7675 2147 7042 734 8565 6976 1677 4214 881 6667 7046 1559 2352 1189 6477 5672 8379 4902 9253 1597 7831 8626 3435 5099 2307 7249 3522 6225 6975 8990 1389 3538 5289 7307 391 2946 3095 8753 879 3837 9876 6286 340 8903 404 3818 2049 3288 1345 7653 695 3166 2823 5082 4576 5598 740 9197
43
5307 9122 6437 7616 4746 5333 1268 5642 2904 794 935 8780 4037 957 4302 2594 3363 2899 3654 1689 4640 911 9936 7360 5631 8977 2527 6437 4166 4759 6348 5691 787 4403 5892 9699 1647 1943 6050 657 553 6791 5283
100
1115 4942 3398 4093 7177 3018 6637 2593 9446 8619 7662 9752 6100 6654 4342 5379 556 102 1064 3040 3276 2733 2443 5757 3413 9659 6073 5848 4533 2568 211 826 2710 1524 97 6508 829 9211 8215 8432 2629 3881 8103 3543 5768 8435 8279 439 9061 165 6097 6765 4704 7610 4458 7405 3011 9944 5647 7822 5301 9190 8361 4652 7823 1399 8747 625 1708 1879 3043 4273 1973 9752 4188 3058 8535 8631 9921 7828 8811 116 5946 3515 1806 4580 671 6387 6237 4110 2207 4042 1116 8543 4328 3684 8688 4619 4770 8738
72
9496 3381 2554 3502 9414 8993 6710 9462 778 1413 3506 4949 9444 3330 9694 4017 9653 990 839 6781 849 4888 6879 3747 6777 1848 495 3197 7117 3927 4290 1166 9832 8737 4588 807 2253 9135 510 5343 9631 6646 5335 1098 951 708 8834 4360 7178 6029 2305 9091 6061 423 9587 8933 3822 152 2748 922 7471 8705 8488 6724 7992 8548 7754 2123 5352 4155 508 1425
54
6939 154 1338 3148 6061 5094 418 9100 4187 5777 6170 43 4377 9092 2615 3158 3907 6054 1452 3329 866 5479 9129 8431 3652 5755 8094 3653 3940 5604 4821 4008 7623 1463 1987 2923 9214 5351 9684 4731 6914 2655 3225 4350 477 8829 1806 1719 874 8090 7248 7575 6998 1397
74
2968 5621 1314 4219 6781 8019 8197 5472 2791 4475 8864 3014 1650 5779 4897 7128 9483 5446 3191 2923 4190 3831 7481 5756 1287 4898 5245 4798 7978 767 9390 872 6222 542 4824 2137 4813 9865 6973 9658 6801 9605 6296 9644 2588 876 882 2770 4572 227 9647 6335 3700 5907 1953 6467 1432 8648 1339 7834 7992 1001 296 892 6132 8692 446 5119 9972 7018 1987 5996 749 2089
91
1977 118 7296 5113 8478 5344 6006 122 2833 361 9307 9009 5186 410 2646 526 4014 6414 4106 9778 3733 1378 4810 1340 2739 5028 5053 8363 8229 2009 4479 4286 8158 3904 7867 9371 7932 7362 5407 8317 1939 6336 2456 7655 8170 3216 9277 7638 8918 7866 5730 5104 3976 4624 3057 3055 2868 2179 7887 1531 1738 4106 6997 5131 8531 7617 6466 685 7851 5149 5203 5572 8562 7233 4738 4016 853 298 2472 2588 8775 8412 6094 251 6875 2520 294 9472 1296 9093 2377
99
3737 46 9865 1743 5715 7641 9067 8063 571 3892 9674 6999 2 8051 6837 4926 1430 963 7274 2937 8907 4345 7149 8355 5944 3617 8716 6811 986 8735 380 7001 1158 3925 3627 9599 9013 4267 3089 2217 3429 2352 7223 5181 5097 4838 1384 3573 426 3609 2956 7105 5921 4408 9502 3639 3824 5137 5629 8388 2533 9663 7447 2841 7890 9912 2716 8338 5758 6375 9546 1842 2511 6684 9958 6972 311 9126 1210 5707 4088 1395 3761 5736 7808 8517 9130 9595 5890 7354 1543 6100 3669 1950 4758 3621 6349 5377 9351
35
6821 9497 6457 3266 2141 4581 747 5670 9501 1818 6516 3377 3266 4835 8458 9139 3597 9019 3619 9092 4838 375 8363 8794 6331 4230 3829 2436 1761 9861 2469 2317 5247 8607 5492
96
8067 7878 9662 2916 2321 2833 3524 4090 2151 4486 8469 2354 2797 2170 3757 9905 8444 5583 7135 9767 64 1248 2559 1258 3988 716 7487 3226 6212 9064 1375 5128 4732 4599 2289 4846 2022 5233 5970 767 154 6060 9735 9779 7674 3265 7041 203 6347 931 813 184 8789 6574 3210 6774 4611 4058 9393 7361 9771 8416 2894 9309 9422 9558 1607 6992 9209 5902 2492 2705 7761 4309 7601 950 5337 64 7481 2417 4054 9530 1978 863 8712 8756 2017 8245 4258 2756 4454 4327 815 9849 6022 6914
47
6104 5057 5659 5770 5226 2012 2086 6294 8929 764 8450 8158 4726 2645 2670 5833 7874 712 3319 8732 5521 7160 8965 100 8888 4992 9073 9995 6559 1753 9226 7645 8859 5305 8520 6145 2563 7564 633 8539 9120 9222 75 8374 2326 9035 7728
71
5124 7532 2251 9973 869 5597 7149 7623 1217 6803 1590 7399 957 3548 6997 3032 7468 773 3383 6745 778 7050 3121 9755 6426 5564 9248 8478 9959 4778 9892 3729 6669 2645 9591 4827 3467 3787 8169 6142 2278 1347 299 2216 9683 573 3837 8480 3282 2543 1350 1533 1167 3924 8676 9172 2782 670 5474 5177 6778 5888 7999 2156 2308 5191 8255 8312 8016 7396 9552
31
7651 4969 8217 8288 9534 7501 5045 5170 827 1203 7404 8878 8415 5043 791 9975 7927 6321 3657 2554 7059 7125 666 3823 1600 8947 6984 1637 8011 8289 9491
94
1863 7326 9851 6168 421 6574 4012 3861 3937 1495 8905 5648 6726 8842 9111 745 6022 7355 8107 1112 1205 2116 8759 7957 371 134 3280 2577 8822 1388 8245 7656 3812 3079 8678 4167 8179 3173 7853 6161 2163 4260 1546 2490 5877 6173 4452 7159 5142 6921 5141 5687 1917 840 4264 2803 9239 3982 4126 4700 1943 3170 2909 4395 6322 1539 9559 173 9811 2771 4292 2764 5770 7531 6319 3849 3581 2173 3329 3740 9818 6338 9109 7631 8510 8166 2585 7157 3409 9201 9489 5352 5469 8160
64
6273 6561 189 2345 3751 2714 3814 8531 547 3161 176 7008 5218 8310 1764 4280 7431 4433 2741 4934 675 9251 6860 702 2053 2486 391 6044 9779 9961 6233 9650 7130 5903 218 831 2685 9874 2261 2074 3559 2298 838 3471 9793 3030 6688 7242 9893 9387 4272 5234 4908 6321 9911 2103 7861 1150 4058 6458 2270 231 9632 4593
80
9406 6099 8832 243 7570 1561 4717 8831 7716 1949 2222 6796 3355 7333 6450 5601 6132 7369 8926 6344 2959 4526 1048 8496 4098 8159 3030 6145 3082 2355 6515 8670 8340 4164 3325 7814 2885 2976 4123 129 5861 9266 1609 3106 1341 6250 582 8770 7957 254 7135 8130 3403 5896 8677 6475 7322 5769 7979 6751 4885 7533 3698 7727 767 7857 1819 493 3493 8321 8277 698 1474 1105 1404 9308 5457 4617 2990 220
98
4487 8570 38 7842 7195 1171 9704 1858 7571 6016 3519 9323 5561 5951 692 5196 7467 3716 8282 4365 3728 8687 2543 5015 2647 5270 7950 6553 295 9141 8304 7610 8533 8587 8061 1621 2628 6523 6022 9825 2002 2679 4629 694 9685 8611 4201 8120 4028 9549 6487 8463 9280 2036 4610 6965 9315 2996 9639 4710 7037 777 3434 944 667 990 8936 2073 4790 7365 4143 5500 4210 2189 4961 6144 4169 1553 2700 8319 523 9545 7124 2696 3125 2408 3702 5244 2579 1272 4187 9515 604 7000 4113 9273 9746 3842
30
6829 3394 1294 1507 4067 3168 1179 7592 2301 4692 7425 1719 8093 8949 5609 7442 2174 755 7522 5607 3250 3825 7833 3607 7977 2792 1434 3027 5097 2115
51
2130 6059 3893 2733 2305 7129 5727 572 968 1983 7385 2806 1584 8965 4300 4014 7330 6245 5581 7873 5690 7790 4088 5537 8171 8279 3955 4588 7088 9123 3819 2312 2449 7364 7788 7214 440 2171 8669 6522 2684 6395 5110 2273 3350 4473 4841 4465 19 1062 7626
30
2149 629 2203 3437 8149 8410 7101 1394 132 3614 391 5070 9896 7769 9229 8749 9654 2296 7510 4936 3279 1542 281 5422 1679 1711 3289 2150 5668 4966
69
6844 837 4547 7914 4580 5604 5856 7014 1600 3504 8733 1471 7448 911 8472 6974 7343 3820 5608 1201 4743 6371 1509 8862 9526 5899 6723 7363 8585 5247 5978 1427 6321 6485 5943 4708 2858 791 3034 9654 5397 4475 5103 8044 1240 4227 9167 5144 9349 9065 758 1726 6095 1193 4368 431 6671 6674 3487 4101 9461 8426 1772 7420 8736 1478 9104 4925 2357
44
7790 6084 1206 4491 7705 1488 1435 3774 68 2215 9187 6279 590 3822 4803 4 3977 1075 3591 9607 2242 1171 9743 9971 3824 9828 7597 170 6811 1062 4395 8173 887 331 9167 8254 7109 7755 1596 7748 4494 1133 8114 1091
90
5299 3109 482 5317 3223 8229 4815 8317 651 7577 955 9453 4969 3102 7757 1223 6270 6657 4620 2443 3584 5621 5686 7048 2814 5203 4912 5384 9375 8549 2662 3696 5309 9729 1066 7346 5849 6635 8594 4577 5215 4703 2319 7075 3224 9640 3643 7694 3510 984 4626 8655 9422 6046 1657 8356 4901 1832 3630 1078 4966 6497 5645 7191 2599 6028 1986 8695 8090 8508 7027 5686 3418 7547 2550 6993 1847 9604 2247 2204 5670 9701 9072 4769 7820 3223 2985 885 340 3098
86
2879 6311 9208 75 2706 2893 8206 3566 2392 6265 9255 3862 6921 4708 3219 3297 2395 7166 2064 3703 3876 9954 5776 1231 6999 5825 6584 2574 3432 29 9210 4287 4684 6510 6312 8852 8096 8625 5077 3149 672 9733 5987 1891 4382 35 6614 5285 5381 4062 2879 442 5698 9231 8455 9462 3826 420 281 6360 8848 5487 3290 1439 8050 5404 7274 3609 2579 3233 9288 59 7786 9783 1297 2652 8924 4213 2261 7485 6071 190 1514 3450 5761 6143
19
566 1338 1759 1416 5709 783 9513 7237 4307 4459 5051 7238 1256 7219 117 8597 1092 5841 7927
58
8133 3555 1578 1484 2267 8586 793 8690 2625 1889 7165 4041 526 7300 9258 3093 4823 1631 4606 6004 6004 7715 106 5792 2774 7188 319 191 8760 9418 6966 9076 1432 6466 5936 5173 321 2209 6532 8060 8641 4315 6848 7025 6928 5379 9374 1211 2737 9904 9204 6620 1215 7459 6880 5823 8313 4992
52
2751 6676 9680 949 3341 4113 7798 9565 6417 9717 3145 2617 7010 270 8757 7329 6345 9076 6654 1609 8072 5303 4432 4612 558 3721 5157 8644 6075 8257 8056 8000 4979 7274 5534 3250 3722 8760 273 2815 781 2323 2798 3523 5708 339 8251 4937 5790 8240 4976 3892
61
497 8131 1745 460 8954 4730 8507 5618 3638 2485 1286 8331 8463 7134 557 20 1049 3688 1962 4108 7234 4177 7462 6733 3248 9185 7602 6463 5127 4061 5756 1442 1215 1832 7136 2796 7120 7614 3132 7056 81 6843 5456 9330 6556 8221 6033 3164 9958 5509 3262 8925 3611 8058 5235 6657 2140 9512 3312 1821 5096
33
7921 5944 5337 7502 8537 8407 863 8869 9224 2268 2235 3618 8508 4122 8906 1562 12 4132 3116 5544 5855 6810 4116 4911 5549 2354 6448 2261 6117 4836 7522 7042 4156
24
4994 2884 393 4166 2945 6983 8354 3806 8037 3427 2109 3136 117 1495 7602 1746 6968 7333 3382 1819 2682 3521 9220 5895
53
3452 9897 6186 5729 5062 5462 7681 9303 8285 3617 364 6156 7136 5197 8280 6237 9415 8721 5624 2282 586 1564 4083 2742 6718 3595 5287 2898 6057 7073 4892 1470 8921 4403 6529 1562 6838 3903 9613 4354 8177 7981 7713 868 4942 8042 9186 5554 9302 6412 557 9909 2441
44
2686 7425 3920 7465 8411 5067 1980 6413 8852 2117 771 3235 4815 8184 2327 6204 3926 388 9733 9695 8533 6850 9274 8282 3307 9937 6929 9621 7403 2151 6849 8541 4921 8674 4040 4009 1764 1148 2619 8215 7151 2323 506 149
96
174 6792 1281 6535 2292 9977 9059 4606 3534 5123 8835 9381 5153 4872 5612 6829 8844 6584 2861 5095 1721 5691 5805 8296 6787 5967 1436 5341 6656 6131 8898 5783 9448 1460 8838 6766 1677 8987 1637 725 7079 5742 4586 1093 9963 1415 3515 6195 7797 741 1452 2071 1743 9041 6292 1549 4017 6205 2216 7314 3649 8873 9676 1413 407 4508 4670 9843 9800 6143 7613 3646 2515 8981 2873 5735 7385 789 9262 4011 695 2529 1822 6401 7862 953 7446 7801 7911 2918 7766 4674 9373 4603 3728 186
73
4009 8625 5393 2805 7873 5638 7156 5174 3435 2124 4526 3062 1403 9390 9162 9129 4205 6994 5204 6472 4265 6252 7572 477 1628 2436 8191 1151 968 692 8306 191 8928 5397 6256 7090 5784 5772 3406 1560 4784 3700 9701 5158 3613 23 4561 163 3852 7639 9025 3104 3209 3280 9006 1097 8800 1855 1993 2604 4699 1414 6406 8178 1207 2613 8543 5979 6233 97 8372 2732 5723
19
1286 3492 803 6030 6644 7615 5531 5778 3634 9765 3621 4018 9139 4943 4088 307 7090 7648 3734
63
9454 8646 2217 4094 689 3833 4869 180 786 8545 1038 3016 6876 7688 1041 5069 1407 7338 8937 7948 2569 1230 2268 3808 5827 8421 253 3385 3771 9650 3141 9265 3307 3139 2626 6630 2061 1593 3230 8016 3339 5435 2812 7217 3126 1077 1106 677 6148 835 33 1576 5379 9406 3499 7377 5619 5091 6514 6068 2942 2937 1417
13
4167 8114 820 839 1837 5429 9732 3033 8012 6256 2680 6077 2016
50
3186 5878 4836 5006 7190 6450 7152 141 6715 4729 6460 6140 8738 5323 3487 8968 7087 4548 7669 1916 7624 4793 4976 1338 5262 6672 3152 553 6316 2886 9347 4122 6722 4016 477 1185 5762 3613 9389 8312 3690 9294 1054 9537 1350 3349 5995 8953 6470 425
2
2486 2
32
4964 9463 1303 4861 6817 3995 2502 3146 8271 7482 9213 2842 2415 7226 4803 3025 961 4300 1222 2284 7595 7865 33 1027 7479 9310 2479 1548 4919 3711 1204 3972
61
6321 2278 2178 6692 8071 1511 790 1004 6779 2257 1907 5829 6144 2914 8061 2315 3299 297 9030 1966 960 4728 5241 4780 6467 8705 7309 617 6562 5270 529 7746 3596 6437 8170 7198 671 907 2896 5030 2511 9515 9916 9501 6027 5762 6876 4549 3908 6579 5638 6603 5487 3207 5492 5888 9374 3878 4579 8602 6661
34
5264 5610 2080 7804 4497 1354 7421 5920 2393 5574 9501 6601 7114 8864 8486 856 1243 4460 4629 1130 7525 6377 8384 4723 1922 4114 4184 9548 9958 500 8022 8867 7097 7373
14
6796 1878 8797 5139 677 919 7866 5788 4966 2266 2470 2985 5260 4263
48
2641 3162 717 9553 3999 9727 5112 7824 5931 4558 8493 1582 1667 1755 1606 2535 320 5707 6541 5800 3222 5486 64 8998 7852 7335 2087 9084 4556 1060 1063 9781 4734 6667 2305 8192 7535 1227 1244 5902 4514 5980 9131 8718 9791 2643 9503 1991
27
100 3568 167 524 6500 4213 2814 8721 998 8980 5816 1935 4116 4893 633 509 7364 2572 5816 7758 3813 2102 5453 2272 9604 8740 3169
27
1459 5064 8480 2635 4200 9853 4899 4608 990 2428 1893 7636 1569 2034 2337 8063 1232 3971 9874 7996 4500 3481 3415 9366 4902 30 4126
25
1512 6417 3511 3585 7301 3271 6799 5355 6933 4563 342 2229 1505 9529 2666 1126 5809 7571 7931 3125 2535 5065 9663 5437 2483
5
8764 5905 9721 4130 9384
85
2515 3067 3723 9092 2750 956 4299 9157 4224 9564 524 2613 8210 8393 6243 3885 1766 5949 9637 9798 2477 8056 8372 4774 4314 1102 3514 8924 7111 5007 4716 2430 4460 95 6951 3851 1168 7309 6806 6804 9296 7571 1855 2226 9621 252 6247 326 7863 2185 227 698 9838 470 8314 3454 6834 8583 4391 4947 3285 5983 4755 2062 5314 863 9386 1737 4558 5812 3191 8933 6460 9963 7613 1025 1309 8165 4814 3352 5428 4526 6132 9003 6926
39
2294 5982 3610 6124 1790 5622 8265 961 5996 1293 1446 8554 7665 6684 5030 3212 6852 2331 4884 3982 9137 5024 8839 2501 9651 6147 7138 7772 1303 1816 6215 1623 1348 8136 9893 9238 897 529 2793
61
5188 8486 1721 6251 7704 9534 7858 2457 5169 8941 4787 2617 412 8698 2229 5376 194 8287 4896 6667 6940 8569 7995 3859 4162 172 3925 6882 6565 6027 9920 1527 673 9856 8947 7432 1089 1094 3937 8298 2111 3247 7814 1746 757 9141 1126 8529 2137 5481 1220 9646 2355 2281 4685 6252 5387 2710 6506 809 6985
67
8703 937 5439 2465 5940 752 7127 8225 192 1145 3190 3862 5556 5985 3857 1297 5069 1323 422 5826 4509 8026 4114 1001 1277 6017 3184 1334 8096 5510 8477 2858 511 9800 5220 3584 8205 517 1614 8923 7812 2238 4899 5039 6942 6183 8169 8750 416 4135 2433 8070 316 5917 6342 7308 3292 7684 9191 2735 2896 6019 5715 5879 6268 1176 6647
33
5477 3578 8883 6491 7995 8847 4339 8122 5775 4602 667 4876 5661 2397 8597 5757 9099 3730 2357 6846 3298 6134 1904 4972 4240 7553 2131 3541 5375 2981 2722 1426 3103
52
7799 5095 2942 8169 2259 5535 8355 123 6192 6089 7597 5060 5520 1068 6783 8525 8959 6729 2652 1857 9847 5591 8711 5841 728 9130 5147 113 143 3757 6109 415 5189 2835 4494 2402 2294 173 1151 3590 7197 6171 4020 6170 350 5883 4494 1555 334 4608 6313 4775
37
2848 3584 9040 1686 7151 3676 9191 227 5399 1068 2927 6352 36 5074 2797 6006 4127 6891 1127 2024 6317 4578 7310 3672 8672 4796 9804 6339 1973 1831 1487 8458 9631 634 2720 8258 773
69
5852 1875 6663 2175 234 3638 9617 8788 7755 706 8135 4099 2534 6283 6920 5645 3883 3182 3655 5524 1193 2 6417 3506 5455 1681 2239 1795 6132 4844 5099 6691 2991 3931 2053 9572 9860 3312 6264 7881 4827 3664 8340 5662 3463 6303 5666 8829 4371 174 8067 4208 1673 9672 9049 6881 7525 2228 773 1516 4417 8082 6492 1870 687 9435 6255 1406 68
47
7436 75 3332 5 4923 9038 7796 6769 6016 1763 2435 461 4425 1396 3746 350 5135 2455 748 2961 6312 4153 2024 2971 318 7754 8351 3291 3372 2330 1683 9241 4020 3670 1534 619 3329 805 621 4998 8928 9243 5973 1547 1105 1393 5372
37
759 74 2417 2252 9158 6202 9972 4390 1424 1793 7223 5799 7553 4173 8680 2992 4661 4056 8668 2923 9983 9676 9592 4526 6213 3175 6413 7997 8192 1283 5543 7788 4507 6135 2159 1988 1486
67
2795 6870 8872 1347 5089 8893 5039 755 7659 4534 9804 4560 4012 9392 2812 284 8406 3579 2758 4282 2770 6376 2976 3047 6816 4932 814 7914 4753 9442 8219 2569 459 5971 7663 3068 8725 1675 1439 2781 7937 6619 9995 3120 657 2576 2916 645 8588 1891 3324 6825 3171 1821 4100 8992 7561 6660 5566 5880 4777 1068 6145 9923 683 6299 626
62
4886 1320 3278 3263 9818 2988 4154 180 8253 5168 7490 6850 214 7018 6107 6476 7017 961 5818 9149 6953 9258 3478 634 3708 335 2738 1766 9481 4033 8785 970 1862 5194 8327 8506 9847 7802 7758 8863 689 8283 829 938 9620 8116 9818 235 2432 4481 1973 393 706 3597 3476 5462 2082 3168 5245 6653 1276 3128
39
346 5588 2049 310 7993 3505 6327 5201 1415 2979 788 8624 9514 4202 2144 5072 8424 2274 9112 5145 6226 8091 2311 5642 8096 642 2800 4447 4133 5024 2462 1725 4804 9081 4888 5169 8521 8542 5160
10
653 9062 2310 4413 7012 9584 9811 8208 1014 3790
28
1483 1440 3523 846 304 5501 9982 7732 2683 96 7212 4660 5728 6788 6079 3206 6925 8412 8996 4920 2910 3918 5903 4133 7141 6127 78 7482
84
679 2991 4810 7316 8275 8734 5428 6744 6747 5048 2039 8026 1810 3193 5609 7174 8642 7442 1153 8120 1043 3581 4398 3688 9235 1030 6244 3342 7092 1228 63 1155 2833 1486 5332 3159 7152 292 5692 7703 8223 9297 1609 9785 4161 5727 2094 4210 6020 7684 7281 5073 9915 6613 8844 4521 4814 8278 6079 3067 6447 6416 7943 3335 8175 1650 5857 4916 6147 2660 8917 2084 1102 8710 4874 9498 2960 3763 6109 757 7211 9186 980 2111
86
5156 7515 2195 7009 6506 3736 7602 1619 2151 6055 1447 8288 8577 9440 9341 5915 3 3868 1581 2870 1755 2533 5513 7787 948 7437 3574 7456 2968 8255 9778 1139 6176 8687 7352 2092 2200 5039 713 6713 6245 4212 9641 2156 9589 9166 6376 7382 5327 3235 9249 9629 7708 9665 1624 479 6914 9522 6162 992 9171 8774 7627 4737 20 849 4159 8405 9954 9993 4640 3235 3809 253 1861 8084 2511 3593 6882 8815 6720 1516 9331 5011 2102 9286
59
7266 6586 6332 2103 9114 2647 7723 4826 4726 8426 8871 6207 4345 4930 1349 850 4211 5847 6393 1159 7237 5136 8136 7181 3549 874 7041 5720 942 3284 8840 7946 3216 7231 8820 6112 8734 5390 5328 3956 5523 8838 9205 877 7882 9678 5591 2130 3565 6271 6533 4261 1190 1289 7445 4119 7991 942 2403
96
3501 2993 3697 8983 9603 2627 5320 9968 5586 9218 4905 7660 1479 9016 4909 1855 7845 8107 2771 2356 571 3938 5400 4727 7907 1541 7174 7696 148 3573 4844 7217 1917 5752 7347 6174 9080 2279 3157 7164 7701 8078 4840 9755 4993 2841 4547 5161 7079 7990 3077 2539 4381 1593 7738 1813 447 5602 6998 3116 1164 3750 3997 1394 6688 802 1563 7265 8579 7507 5365 4445 2437 3434 1405 8723 8767 829 8040 7571 5917 7961 9507 9438 3703 2749 7703 4342 2450 5741 3649 7675 1965 8907 5411 4684
6
5405 7228 6775 5706 3307 8923
24
2280 6410 9453 5593 8165 2344 2722 9721 9340 4327 7263 1933 9104 416 8449 3820 3037 7395 6413 4377 6758 7478 4969 4316
18
2532 722 8203 4008 4977 809 4940 2728 5634 5577 5154 1686 9378 4996 3567 2086 3888 3843
89
5939 1340 944 2864 6078 6583 5113 7548 2672 4563 4864 3679 6168 1873 3291 5510 9313 1574 3965 1639 9752 7543 6400 4669 5958 3586 1985 3830 317 2811 4006 9739 7061 5589 8672 4906 6800 3828 2661 712 4614 4366 279 5762 6576 4282 6336 4290 6282 1825 786 8514 1122 1283 3786 3677 6095 9115 5674 7454 1846 4484 7102 229 1058 4450 7934 1772 9321 9956 4298 7881 9497 6730 2137 4143 6258 6158 2946 9995 4350 1711 3206 2886 7660 3810 7711 2100 5295
34
5923 5215 8113 4550 89 4036 5510 3718 5939 889 4948 8379 5826 874 6953 8603 7214 5946 9751 2817 5382 5129 7778 1759 8616 3570 3712 2232 1389 210 3529 3825 1556 4928
9
4775 7496 632 537 7661 682 2943 2170 2873
48
6814 1034 749 2762 1659 7575 1478 4741 2842 7219 3882 7132 1330 8557 2926 6504 7851 1374 2381 3423 6408 9267 7302 4541 3985 6070 7825 5774 8910 1227 5583 9419 9775 6847 4489 2336 4738 6532 1523 6723 9490 4153 7600 1778 9042 7840 8256 5052
27
5043 144 2986 5027 5147 3317 3712 1042 2749 3637 5680 8757 3037 3047 4320 7706 844 6567 6230 3879 8041 471 4493 8190 6924 2659 2606
56
2304 6469 5368 3548 5635 5375 8175 1903 3721 9226 6721 8588 4831 1429 5591 9617 1876 9806 9155 5123 6466 4890 525 5034 1123 6737 2400 992 9636 9740 962 9264 1739 472 8444 4505 1857 9876 6018 9741 4791 6464 5079 5868 6311 4903 8844 871 2943 2832 5371 5734 9874 3912 7012 9675
76
2284 4309 4254 1772 2471 4364 5923 5794 7050 2033 2705 329 9680 6083 8468 9928 3103 3739 5423 6053 4404 1944 4326 8692 5809 3199 1203 4653 5187 7893 2742 8669 3774 5475 1284 7102 2813 5093 6704 1345 273 7681 698 5346 2558 2808 5590 185 123 2441 4327 4436 4577 5544 6472 9808 751 7356 10 702 3178 4455 8435 1622 1465 159 6878 7838 9723 7620 869 5879 5256 2459 4855 8140
47
9058 4897 4439 833 2553 2871 798 1665 2585 9623 7025 449 6116 3022 179 369 2440 8483 103 2801 9581 7459 3226 5979 2258 1910 1839 8709 4332 8490 112 8866 4201 2582 2896 6733 4948 7775 7314 2821 6586 6802 8312 9584 3871 7498 313
92
7888 3079 8697 1295 709 1947 3476 1383 6552 4319 8003 9541 5585 807 8879 7828 8286 9831 5049 2963 9906 8064 6569 3927 4586 7014 1540 5730 2032 4899 9592 8158 4558 1988 5319 8232 9607 5215 243 5355 2924 2556 7274 9128 1418 6068 469 9775 4073 9884 6560 2133 3590 124 9400 3785 7786 8159 3721 9251 4588 9508 8550 7311 7845 7574 581 7118 2851 5457 898 2247 2899 714 8528 8583 1787 5553 5929 7516 4285 421 4615 4161 7882 8598 3876 6070 7968 6172 5314 5230
48
2398 6765 8074 2478 7457 7387 2582 1332 2291 2491 3108 2068 3970 8511 2326 3275 2879 6002 1573 2988 5237 1147 9442 5140 1516 2076 7983 2997 8583 2508 779 5087 7205 3595 8513 5230 3696 5507 634 4809 9080 192 7588 8074 7647 7379 4226 8692
55
4830 2127 6482 6948 6254 4939 945 474 6256 8288 1251 8334 4941 2890 2180 3117 1342 9657 367 4748 8684 5030 3813 592 9801 5286 6143 1728 2700 9628 159 2028 5858 6175 1591 563 4812 1236 195 6478 570 5706 6163 245 2413 2754 5785 7838 9089 4516 7830 4886 5715 3537 2619
33
219 5167 3868 2758 7923 4377 1332 7626 3103 1104 7857 4456 9850 125 6017 2081 4423 5441 9210 6966 2977 9852 8152 8153 7520 7013 5650 774 3396 5489 5536 6208 4791
23
644 7018 4699 1744 3819 5906 6861 2838 1525 6195 3941 3407 3436 7732 9899 426 4824 7081 561 7908 4079 6514 8022
94
2240 5957 5263 864 5922 1674 814 2053 4567 2328 2100 51 1639 9618 3125 5560 1280 889 4343 6717 2227 4501 1083 6858 2885 8578 1419 1469 7137 51 8364 1319 8379 9890 5395 5858 8447 9700 4326 7408 1909 7669 3027 8290 6025 1892 9175 9143 1534 5136 7191 3642 9077 6330 2845 1822 7442 1958 8053 7318 6469 3072 4922 9055 5102 5937 3225 5005 7595 1476 7739 6992 1483 309 1565 8090 7899 7396 9332 2412 6987 3942 2730 2430 8859 9883 8401 4544 3676 734 7662 5008 2993 9623
40
8040 3903 2661 527 7940 2226 275 2825 1979 2821 8023 3847 767 4176 1579 7768 1048 7167 6003 4540 2453 9943 5384 8631 5920 3471 8675 3505 9353 8145 2228 7193 473 7256 6974 4391 7776 5409 328 2085
69
1109 4419 715 8852 4899 3785 8898 3991 4546 8749 2729 3955 9430 9271 2965 1907 1251 8597 8711 2854 1677 7913 9893 5127 9353 3867 7917 5296 7576 8879 5824 1201 8290 6246 7024 2753 4195 2962 3877 3654 5655 9363 1015 4775 4426 3908 6833 2385 143 1985 2018 9709 5433 3996 9271 521 9607 5885 8439 1382 1984 5092 6750 3433 7008 7254 9152 5808 9390
16
5956 4604 5754 2150 2634 7463 4252 422 1373 8570 8512 4568 8294 1506 4418 1569
39
3473 8817 2312 5752 8889 2295 7742 6980 2348 4793 2243 216 537 4273 6 746 8783 9529 8903 6609 297 8223 7202 7662 569 2510 6571 1815 7947 3205 9206 600 723 6549 5142 4541 8868 3329 6486
5
9619 3620 3524 1787 8760
52
6426 2622 8559 6304 8135 8489 9126 9833 2123 6456 3486 2748 3040 4963 1065 2244 7161 9582 2124 3359 4062 5100 3012 2681 8286 8299 7721 2655 3820 3759 6526 1969 59 9769 7040 2225 8864 9181 5077 4550 7258 6367 9341 2251 6607 8368 219 2262 3747 4949 9137 5921
82
8245 3829 7449 1234 5718 8091 1228 5178 9396 4163 5397 1139 4792 909 2069 2901 5103 7135 9228 7897 7075 2476 8983 2980 2407 4226 8796 7982 245 609 8792 4443 1721 2981 3269 9362 9721 7621 7900 1207 1718 4032 4115 7102 6561 9229 2042 6029 3211 8609 7369 8842 2498 475 6880 635 2991 8170 4769 8586 607 2955 4661 1367 9767 7915 5014 423 880 3812 5273 5261 3771 8075 7726 9093 9437 9233 3837 2723 5098 1888
71
64 6210 8099 753 6379 1240 243 3361 9335 6851 3768 7337 8586 9172 2295 1668 4030 772 9523 3988 5569 7012 4666 5142 7818 6392 9430 531 4334 6132 9305 7875 3254 4945 2920 2729 4356 3658 3312 7804 5098 5260 9495 2292 5903 5468 2906 7709 3863 8734 7111 7073 2115 9198 3837 2677 5579 6277 2749 5059 7261 7802 4599 7971 4979 4031 4262 244 1097 8365 9333
98
4514 4834 8785 8817 8810 9956 1929 9351 8535 437 377 5631 1285 7990 2710 2395 7890 6327 977 5412 8988 4991 4405 5123 2232 8719 5627 4019 1450 9698 3270 1667 1320 3733 6225 5370 1866 4955 7603 2597 8954 7322 362 7200 1789 1989 6136 6068 299 1264 1747 231 2393 8276 7393 8481 4824 8467 5388 1216 9599 5053 2076 882 6735 1853 7460 6570 2676 7209 3278 5690 394 8235 5950 9877 8181 2628 3492 8229 3474 1724 6419 5413 4162 3115 3382 8035 8987 8386 7326 9332 5225 1880 6737 5312 2171 397
9
4663 267 7609 3528 2126 3937 1450 6973 2406
18
2716 3929 8387 6340 5517 6195 9392 7978 8009 2039 4529 2663 7741 239 9436 5918 4454 8957
